1188378782269.13
1188643933680.613
1188303095899.8354
1188590372504.7205
1188643933680.6128
1188300321355.122
1188643933680.6128
1188523349474.9126
1188643933680.6128
1188643933680.6128
1188474026513.3162
1188318525988.9077
1188474026513.3162
1188401285312.5825
1188453244891.2842
1188271404561.9207
1188275329095.6226
1188190826056.7864
1188271404561.9207
1188315642621.475
1188203996028.9065
1188251711424.6401
1188271404561.9207
1188092624481.345
1188271404561.9207
1188152340974.2751
1188238528526.554
1188152340974.2751
1188152340974.2751
1188152340974.2751
1187833380045.1077
1187889857115.0737
1188152340974.2751
1188152340974.2751
1187941338133.854
1187882583440.8862
593690906578.5868
