1464328825570.3538
1464942002302.1987
1464136736171.308
1464662196740.483
1464942002302.1987
1464146941604.2153
1464942002302.1987
1464663427585.429
1464942002302.1987
1464942002302.1987
1464549345583.6592
1464189160594.16
1464549345583.6592
1464380953789.6736
1464501254873.9956
1464079857318.9434
1463969420123.0862
1463652561089.4414
1464079857318.9434
1464182474402.284
1463778385272.3982
1463765467906.0073
1464079857318.9434
1463664492232.415
1464079857318.9434
1463314852199.6694
1463774289203.4336
1463314852199.6694
1463314852199.6694
1463314852199.6694
1462378824675.552
1462701777121.7239
1463314852199.6694
1463314852199.6694
1463093608777.0403
1462684755080.8467
837293714502.9961
