[ 0.00000000e+00 -7.52944873e-13 -1.71507374e-13  0.00000000e+00
  0.00000000e+00 -1.01308677e-15  3.15319631e-16  1.21068246e-05
  0.00000000e+00 -6.93402637e-09  0.00000000e+00]
[ 0.00000000e+00 -7.52944873e-13 -1.71535223e-13  0.00000000e+00
  0.00000000e+00 -1.01306941e-15  3.15352617e-16  1.21068246e-05
  0.00000000e+00 -6.93402637e-09  0.00000000e+00]
[ 0.00000000e+00 -7.52944873e-13 -1.21432855e-13  0.00000000e+00
 -1.24592039e-10 -1.01308677e-15  3.15319631e-16  1.21064318e-05
  0.00000000e+00 -6.93402637e-09  0.00000000e+00]
[ 0.00000000e+00 -7.52944873e-13 -1.21432855e-13  0.00000000e+00
 -1.24592039e-10 -1.01308677e-15  3.15319631e-16  1.21064318e-05
  0.00000000e+00 -6.93402637e-09  0.00000000e+00]
[ 0.00000000e+00 -7.52944873e-13 -1.21432855e-13  0.00000000e+00
 -1.24592039e-10 -1.01308677e-15  3.15319631e-16  1.21064318e-05
  0.00000000e+00 -6.93402637e-09  0.00000000e+00]
[ 0.00000000e+00 -3.64833314e-13 -5.66066624e-14  0.00000000e+00
  0.00000000e+00  0.00000000e+00  0.00000000e+00  4.23169856e-06
  0.00000000e+00 -4.71311980e-09  0.00000000e+00]
[ 0.00000000e+00  0.00000000e+00  0.00000000e+00  0.00000000e+00
  0.00000000e+00  0.00000000e+00  0.00000000e+00  4.23157043e-06
  0.00000000e+00 -4.38544639e-09  0.00000000e+00]
[ 0.00000000e+00  0.00000000e+00  0.00000000e+00  0.00000000e+00
  0.00000000e+00  0.00000000e+00  0.00000000e+00  4.23157043e-06
  0.00000000e+00 -4.38544639e-09  0.00000000e+00]
