[ 0.00000000e+00 -6.39821948e-13 -1.76548891e-13  1.84366798e-11
  0.00000000e+00  0.00000000e+00  5.62577213e-16  1.25125766e-05
  0.00000000e+00 -8.53481385e-09  0.00000000e+00]
[ 0.00000000e+00 -6.39910062e-13 -1.76548891e-13  1.84396405e-11
  0.00000000e+00  0.00000000e+00  5.62688086e-16  1.25125766e-05
  0.00000000e+00 -8.53612608e-09  0.00000000e+00]
[ 0.00000000e+00 -6.39910062e-13 -1.76548891e-13  1.84366798e-11
  0.00000000e+00  0.00000000e+00  5.62688086e-16  1.25127225e-05
  0.00000000e+00 -8.53446605e-09  0.00000000e+00]
[ 0.00000000e+00 -6.39910062e-13 -1.76548891e-13  1.84366798e-11
  0.00000000e+00  0.00000000e+00  5.62688086e-16  1.25139507e-05
  0.00000000e+00 -8.53612608e-09  0.00000000e+00]
[ 0.00000000e+00 -6.39910062e-13 -1.76548891e-13  1.84366798e-11
  0.00000000e+00  0.00000000e+00  5.62688086e-16  1.25125766e-05
  0.00000000e+00 -8.53612608e-09  0.00000000e+00]
[ 0.00000000e+00 -6.39910062e-13 -1.76548891e-13  1.84366798e-11
  0.00000000e+00  0.00000000e+00  5.62688086e-16  1.25125766e-05
  0.00000000e+00 -8.53442433e-09  0.00000000e+00]
[ 0.00000000e+00 -6.39910062e-13 -1.76548891e-13  1.84348932e-11
  0.00000000e+00  0.00000000e+00  5.62688086e-16  1.25125766e-05
  0.00000000e+00 -8.53612608e-09  0.00000000e+00]
[ 0.00000000e+00 -6.39822122e-13 -1.76548891e-13  1.84366798e-11
  0.00000000e+00  0.00000000e+00  5.62668906e-16  1.25125766e-05
  0.00000000e+00 -8.53553009e-09  0.00000000e+00]
[ 0.00000000e+00 -6.39910062e-13 -1.76548891e-13  1.84366798e-11
  0.00000000e+00  0.00000000e+00  5.62688086e-16  1.25125766e-05
  0.00000000e+00 -8.53612608e-09  0.00000000e+00]
[ 0.00000000e+00 -6.39910062e-13 -1.76558286e-13  1.84366798e-11
  0.00000000e+00  0.00000000e+00  5.62688086e-16  1.25125766e-05
  0.00000000e+00 -8.53612608e-09  0.00000000e+00]
[ 0.00000000e+00 -6.39694960e-13 -1.76556112e-13  1.84366798e-11
  0.00000000e+00  0.00000000e+00  5.62770432e-16  1.25125766e-05
  0.00000000e+00 -8.53528594e-09  0.00000000e+00]
[ 0.00000000e+00 -6.39904219e-13 -1.76558286e-13  1.84366798e-11
  0.00000000e+00  0.00000000e+00  5.62688086e-16  1.25125766e-05
  0.00000000e+00 -8.53451476e-09  0.00000000e+00]
[ 0.00000000e+00 -6.39694960e-13 -1.76521621e-13  1.84391758e-11
  0.00000000e+00  0.00000000e+00  5.62770432e-16  1.25125766e-05
  0.00000000e+00 -8.53528594e-09  0.00000000e+00]
[ 0.00000000e+00 -6.39821368e-13 -1.76572053e-13  1.84328785e-11
  0.00000000e+00  0.00000000e+00  5.62688086e-16  1.25125766e-05
  0.00000000e+00 -8.53492546e-09  0.00000000e+00]
[ 0.00000000e+00 -6.39910062e-13 -1.76571022e-13  1.84366798e-11
  0.00000000e+00  0.00000000e+00  5.62771178e-16  1.25125766e-05
  0.00000000e+00 -8.53518300e-09  0.00000000e+00]
[ 0.00000000e+00 -6.39821368e-13 -1.76556112e-13  1.84366798e-11
  0.00000000e+00  0.00000000e+00  5.62769029e-16  1.25125766e-05
  0.00000000e+00 -8.53428063e-09  0.00000000e+00]
[ 0.00000000e+00 -6.39910062e-13 -1.76558286e-13  1.84366798e-11
  0.00000000e+00  0.00000000e+00  5.62776817e-16  1.25136242e-05
  0.00000000e+00 -8.53450044e-09  0.00000000e+00]
[ 0.00000000e+00 -6.39910062e-13 -1.76604027e-13  1.84361858e-11
  0.00000000e+00  0.00000000e+00  5.62769029e-16  1.25146784e-05
  0.00000000e+00 -8.53428063e-09  0.00000000e+00]
[ 0.00000000e+00 -6.39821368e-13 -1.76556112e-13  1.84366798e-11
  0.00000000e+00  0.00000000e+00  5.62769029e-16  1.25125766e-05
  0.00000000e+00 -8.53428063e-09  0.00000000e+00]
[ 0.00000000e+00 -6.39910062e-13 -1.76558286e-13  1.84366798e-11
  0.00000000e+00  0.00000000e+00  5.62776817e-16  1.25125766e-05
  0.00000000e+00 -8.53450044e-09  0.00000000e+00]
[ 0.00000000e+00 -6.39910062e-13 -1.76541211e-13  1.84366798e-11
  0.00000000e+00  0.00000000e+00  5.62719923e-16  1.25138457e-05
  0.00000000e+00 -8.53418759e-09  0.00000000e+00]
[ 0.00000000e+00 -6.39699099e-13 -1.76556112e-13  1.84366798e-11
  0.00000000e+00  0.00000000e+00  5.62769029e-16  1.25149293e-05
  0.00000000e+00 -8.53463198e-09  0.00000000e+00]
[ 0.00000000e+00 -6.39821368e-13 -1.76556112e-13  1.84366798e-11
  0.00000000e+00  0.00000000e+00  5.62769029e-16  1.25125766e-05
  0.00000000e+00 -8.53428063e-09  0.00000000e+00]
[ 0.00000000e+00 -6.39821437e-13 -1.76556112e-13  1.84335756e-11
  0.00000000e+00  0.00000000e+00  5.62842934e-16  1.25125766e-05
  0.00000000e+00 -8.53339053e-09  0.00000000e+00]
[ 0.00000000e+00 -6.39831337e-13 -1.76556112e-13  1.84366798e-11
  0.00000000e+00  0.00000000e+00  5.62769029e-16  1.25125766e-05
  0.00000000e+00 -8.53428063e-09  0.00000000e+00]
[ 0.00000000e+00 -6.39910062e-13 -1.76571022e-13  1.84381391e-11
  0.00000000e+00  0.00000000e+00  5.62636147e-16  1.25168452e-05
  0.00000000e+00 -8.53450044e-09  0.00000000e+00]
[ 0.00000000e+00 -6.40007122e-13 -1.76567891e-13  1.84345123e-11
  0.00000000e+00  0.00000000e+00  5.62776817e-16  1.25145840e-05
  0.00000000e+00 -8.53450044e-09  0.00000000e+00]
[ 0.00000000e+00 -6.39910062e-13 -1.76571022e-13  1.84381391e-11
  0.00000000e+00  0.00000000e+00  5.62636147e-16  1.25168452e-05
  0.00000000e+00 -8.53450044e-09  0.00000000e+00]
[ 0.00000000e+00 -6.39910062e-13 -1.76571022e-13  1.84349431e-11
  0.00000000e+00  0.00000000e+00  5.62636147e-16  1.25168452e-05
  0.00000000e+00 -8.53450044e-09  0.00000000e+00]
[ 0.00000000e+00 -6.39910062e-13 -1.76571022e-13  1.84381391e-11
  0.00000000e+00  0.00000000e+00  5.62636147e-16  1.25168452e-05
  0.00000000e+00 -8.53450044e-09  0.00000000e+00]
[ 0.00000000e+00 -6.39910062e-13 -1.76571022e-13  1.84381391e-11
  0.00000000e+00  0.00000000e+00  5.62571971e-16  1.25185007e-05
  0.00000000e+00 -8.53321226e-09  0.00000000e+00]
[ 0.00000000e+00 -6.39910062e-13 -1.76556112e-13  1.84384585e-11
  0.00000000e+00  0.00000000e+00  5.62591973e-16  1.25168452e-05
  0.00000000e+00 -8.53318467e-09  0.00000000e+00]
[ 0.00000000e+00 -6.39970312e-13 -1.76571022e-13  1.84381391e-11
  0.00000000e+00  0.00000000e+00  5.62636147e-16  1.25168452e-05
  0.00000000e+00 -8.53450044e-09  0.00000000e+00]
[ 0.00000000e+00 -6.39910062e-13 -1.76578415e-13  1.84381391e-11
  0.00000000e+00  0.00000000e+00  5.62636147e-16  1.25168452e-05
  0.00000000e+00 -8.53450044e-09  0.00000000e+00]
[ 0.00000000e+00 -6.39958066e-13 -1.76556112e-13  1.84394949e-11
  0.00000000e+00  0.00000000e+00  5.62636147e-16  1.25144823e-05
  0.00000000e+00 -8.53299636e-09  0.00000000e+00]
[ 0.00000000e+00 -6.39910062e-13 -1.76571022e-13  1.84381391e-11
  0.00000000e+00  0.00000000e+00  5.62636147e-16  1.25168452e-05
  0.00000000e+00 -8.53314811e-09  0.00000000e+00]
