[ 0.00000000e+00  0.00000000e+00 -1.50491437e-13  1.47764313e-11
 -1.23406991e-10  0.00000000e+00  3.66043036e-16  1.28549015e-05
 -1.06595054e-06 -1.20486522e-08  5.57212137e-10]
[ 0.00000000e+00  0.00000000e+00 -1.50491437e-13  1.47771381e-11
 -1.23406991e-10  0.00000000e+00  3.66043036e-16  1.28562299e-05
 -1.06598210e-06 -1.20486522e-08  5.57212137e-10]
[ 0.00000000e+00  0.00000000e+00 -1.50491437e-13  1.47771381e-11
 -1.23406991e-10  0.00000000e+00  3.66043036e-16  1.28562299e-05
 -1.06619270e-06 -1.20486522e-08  5.57212137e-10]
[ 0.00000000e+00  0.00000000e+00 -1.50490807e-13  1.47744712e-11
 -1.23406991e-10  0.00000000e+00  3.66072905e-16  1.28537266e-05
 -1.06619270e-06 -1.20486522e-08  5.57135474e-10]
[ 0.00000000e+00  0.00000000e+00 -1.50463237e-13  1.47749101e-11
 -1.23396739e-10  0.00000000e+00  3.66044811e-16  1.28533605e-05
 -1.06619270e-06 -1.20500685e-08  5.57135474e-10]
[ 0.00000000e+00  0.00000000e+00 -1.50493714e-13  1.47764294e-11
 -1.23429953e-10  0.00000000e+00  3.66096581e-16  1.28563351e-05
 -1.06619270e-06 -1.20486522e-08  5.57053878e-10]
[ 0.00000000e+00  0.00000000e+00 -1.50464855e-13  1.47750241e-11
 -1.23401695e-10  0.00000000e+00  3.66061545e-16  1.28562299e-05
 -1.06643581e-06 -1.20486522e-08  5.57098404e-10]
[ 0.00000000e+00  0.00000000e+00 -1.50490807e-13  1.47741988e-11
 -1.23406991e-10  0.00000000e+00  3.66110171e-16  1.28510913e-05
 -1.06627047e-06 -1.20486522e-08  5.57031162e-10]
[ 0.00000000e+00  0.00000000e+00 -1.50490807e-13  1.47741988e-11
 -1.23406991e-10  0.00000000e+00  3.66110171e-16  1.28510913e-05
 -1.06630220e-06 -1.20486522e-08  5.57031162e-10]
[ 0.00000000e+00  0.00000000e+00 -1.50436055e-13  1.47750241e-11
 -1.23412405e-10  0.00000000e+00  3.66047737e-16  1.28562299e-05
 -1.06643581e-06 -1.20496397e-08  5.57019729e-10]
