
 
 
 
generation 1 

initial population:
[ 0.00000000e+00 -1.45799022e-12 -2.28980078e-13  4.62010753e-11
 -1.75214813e-10 -1.83669770e-15  8.52944060e-16  2.29423303e-05
 -2.04721003e-06 -1.59792834e-08  9.98214034e-10]
[ 0.00000000e+00 -1.45799022e-12 -2.28980078e-13  4.62010753e-11
 -1.75230335e-10 -1.83703880e-15  8.52944060e-16  2.29423303e-05
 -2.04735763e-06 -1.59773078e-08  9.98214034e-10]
[ 0.00000000e+00 -1.45799022e-12 -2.28980078e-13  4.62010753e-11
 -1.75214813e-10 -1.83669770e-15  8.52957520e-16  2.29423303e-05
 -2.04721003e-06 -1.59792834e-08  9.98214034e-10]
[ 0.00000000e+00 -1.45799022e-12 -2.28950829e-13  4.61941965e-11
 -1.75214813e-10 -1.83669770e-15  8.52944060e-16  2.29423303e-05
 -2.04721003e-06 -1.59792834e-08  9.98204672e-10]
[ 0.00000000e+00 -1.45799022e-12 -2.28980078e-13  4.62010753e-11
 -1.75202150e-10 -1.83669770e-15  8.52944060e-16  2.29423303e-05
 -2.04721003e-06 -1.59823181e-08  9.98214034e-10]
[ 0.00000000e+00 -1.45799022e-12 -2.28984487e-13  4.62010753e-11
 -1.75214813e-10 -1.83669770e-15  8.52944060e-16  2.29423303e-05
 -2.04721003e-06 -1.59792834e-08  9.98214034e-10]
[ 0.00000000e+00 -1.45799022e-12 -2.28962099e-13  4.62010753e-11
 -1.75214813e-10 -1.83669770e-15  8.53025693e-16  2.29423303e-05
 -2.04738482e-06 -1.59792834e-08  9.98292398e-10]
[ 0.00000000e+00 -1.45799022e-12 -2.28980078e-13  4.62010753e-11
 -1.75214813e-10 -1.83669770e-15  8.52960343e-16  2.29386423e-05
 -2.04721003e-06 -1.59792834e-08  9.98162133e-10]
[ 0.00000000e+00 -1.45799022e-12 -2.28958515e-13  4.62010753e-11
 -1.75214813e-10 -1.83669770e-15  8.52944060e-16  2.29423303e-05
 -2.04710852e-06 -1.59792834e-08  9.98214034e-10]
[ 0.00000000e+00 -1.45799022e-12 -2.28980078e-13  4.62010753e-11
 -1.75214813e-10 -1.83638993e-15  8.52944060e-16  2.29423303e-05
 -2.04721003e-06 -1.59792834e-08  9.98214034e-10]

parents after selection:
parent1 and its probability : [ 0.00000000e+00 -1.45799022e-12 -2.28980078e-13  4.62010753e-11
 -1.75230335e-10 -1.83703880e-15  8.52944060e-16  2.29423303e-05
 -2.04735763e-06 -1.59773078e-08  9.98214034e-10]0.1000960719384835
parent2 and its probability:  [ 0.00000000e+00 -1.45799022e-12 -2.28980078e-13  4.62010753e-11
 -1.75202150e-10 -1.83669770e-15  8.52944060e-16  2.29423303e-05
 -2.04721003e-06 -1.59823181e-08  9.98214034e-10]0.10032423374237684
parents after selection:
parent1 and its probability : [ 0.00000000e+00 -1.45799022e-12 -2.28980078e-13  4.62010753e-11
 -1.75214813e-10 -1.83669770e-15  8.52960343e-16  2.29386423e-05
 -2.04721003e-06 -1.59792834e-08  9.98162133e-10]0.10046047018489775
parent2 and its probability:  [ 0.00000000e+00 -1.45799022e-12 -2.28980078e-13  4.62010753e-11
 -1.75214813e-10 -1.83669770e-15  8.52957520e-16  2.29423303e-05
 -2.04721003e-06 -1.59792834e-08  9.98214034e-10]0.09991684472425429
parents after selection:
parent1 and its probability : [ 0.00000000e+00 -1.45799022e-12 -2.28980078e-13  4.62010753e-11
 -1.75214813e-10 -1.83669770e-15  8.52960343e-16  2.29386423e-05
 -2.04721003e-06 -1.59792834e-08  9.98162133e-10]0.10046047018489775
parent2 and its probability:  [ 0.00000000e+00 -1.45799022e-12 -2.28980078e-13  4.62010753e-11
 -1.75214813e-10 -1.83669770e-15  8.52960343e-16  2.29386423e-05
 -2.04721003e-06 -1.59792834e-08  9.98162133e-10]0.10046047018489775
parents after selection:
parent1 and its probability : [ 0.00000000e+00 -1.45799022e-12 -2.28958515e-13  4.62010753e-11
 -1.75214813e-10 -1.83669770e-15  8.52944060e-16  2.29423303e-05
 -2.04710852e-06 -1.59792834e-08  9.98214034e-10]0.09964234474449672
parent2 and its probability:  [ 0.00000000e+00 -1.45799022e-12 -2.28984487e-13  4.62010753e-11
 -1.75214813e-10 -1.83669770e-15  8.52944060e-16  2.29423303e-05
 -2.04721003e-06 -1.59792834e-08  9.98214034e-10]0.09991684472425429
parents after selection:
parent1 and its probability : [ 0.00000000e+00 -1.45799022e-12 -2.28958515e-13  4.62010753e-11
 -1.75214813e-10 -1.83669770e-15  8.52944060e-16  2.29423303e-05
 -2.04710852e-06 -1.59792834e-08  9.98214034e-10]0.09964234474449672
parent2 and its probability:  [ 0.00000000e+00 -1.45799022e-12 -2.28950829e-13  4.61941965e-11
 -1.75214813e-10 -1.83669770e-15  8.52944060e-16  2.29423303e-05
 -2.04721003e-06 -1.59792834e-08  9.98204672e-10]0.09997885981322842
parents after selection:
parent1 and its probability : [ 0.00000000e+00 -1.45799022e-12 -2.28950829e-13  4.61941965e-11
 -1.75214813e-10 -1.83669770e-15  8.52944060e-16  2.29423303e-05
 -2.04721003e-06 -1.59792834e-08  9.98204672e-10]0.09997885981322842
parent2 and its probability:  [ 0.00000000e+00 -1.45799022e-12 -2.28980078e-13  4.62010753e-11
 -1.75214813e-10 -1.83669770e-15  8.52960343e-16  2.29386423e-05
 -2.04721003e-06 -1.59792834e-08  9.98162133e-10]0.10046047018489775
parents after selection:
parent1 and its probability : [ 0.00000000e+00 -1.45799022e-12 -2.28962099e-13  4.62010753e-11
 -1.75214813e-10 -1.83669770e-15  8.53025693e-16  2.29423303e-05
 -2.04738482e-06 -1.59792834e-08  9.98292398e-10]0.09987088778221793
parent2 and its probability:  [ 0.00000000e+00 -1.45799022e-12 -2.28980078e-13  4.62010753e-11
 -1.75214813e-10 -1.83669770e-15  8.52944060e-16  2.29423303e-05
 -2.04721003e-06 -1.59792834e-08  9.98214034e-10]0.09991684472425429
parents after selection:
parent1 and its probability : [ 0.00000000e+00 -1.45799022e-12 -2.28980078e-13  4.62010753e-11
 -1.75214813e-10 -1.83669770e-15  8.52944060e-16  2.29423303e-05
 -2.04721003e-06 -1.59792834e-08  9.98214034e-10]0.09991684472425429
parent2 and its probability:  [ 0.00000000e+00 -1.45799022e-12 -2.28950829e-13  4.61941965e-11
 -1.75214813e-10 -1.83669770e-15  8.52944060e-16  2.29423303e-05
 -2.04721003e-06 -1.59792834e-08  9.98204672e-10]0.09997885981322842
parents after selection:
parent1 and its probability : [ 0.00000000e+00 -1.45799022e-12 -2.28980078e-13  4.62010753e-11
 -1.75230335e-10 -1.83703880e-15  8.52944060e-16  2.29423303e-05
 -2.04735763e-06 -1.59773078e-08  9.98214034e-10]0.1000960719384835
parent2 and its probability:  [ 0.00000000e+00 -1.45799022e-12 -2.28984487e-13  4.62010753e-11
 -1.75214813e-10 -1.83669770e-15  8.52944060e-16  2.29423303e-05
 -2.04721003e-06 -1.59792834e-08  9.98214034e-10]0.09991684472425429
parents after selection:
parent1 and its probability : [ 0.00000000e+00 -1.45799022e-12 -2.28980078e-13  4.62010753e-11
 -1.75214813e-10 -1.83669770e-15  8.52944060e-16  2.29423303e-05
 -2.04721003e-06 -1.59792834e-08  9.98214034e-10]0.09991684472425429
parent2 and its probability:  [ 0.00000000e+00 -1.45799022e-12 -2.28958515e-13  4.62010753e-11
 -1.75214813e-10 -1.83669770e-15  8.52944060e-16  2.29423303e-05
 -2.04710852e-06 -1.59792834e-08  9.98214034e-10]0.09964234474449672
population after corssover:
[ 0.00000000e+00 -1.45799022e-12 -2.28980078e-13  4.62010753e-11
 -1.75230335e-10 -1.83703880e-15  8.52944060e-16  2.29423303e-05
 -2.04721003e-06 -1.59823181e-08  9.98214034e-10]
[ 0.00000000e+00 -1.45799022e-12 -2.28980078e-13  4.62010753e-11
 -1.75214813e-10 -1.83669770e-15  8.52960343e-16  2.29423303e-05
 -2.04721003e-06 -1.59792834e-08  9.98214034e-10]
[ 0.00000000e+00 -1.45799022e-12 -2.28980078e-13  4.62010753e-11
 -1.75214813e-10 -1.83669770e-15  8.52960343e-16  2.29386423e-05
 -2.04721003e-06 -1.59792834e-08  9.98162133e-10]
[ 0.00000000e+00 -1.45799022e-12 -2.28958515e-13  4.62010753e-11
 -1.75214813e-10 -1.83669770e-15  8.52944060e-16  2.29423303e-05
 -2.04721003e-06 -1.59792834e-08  9.98214034e-10]
[ 0.00000000e+00 -1.45799022e-12 -2.28958515e-13  4.62010753e-11
 -1.75214813e-10 -1.83669770e-15  8.52944060e-16  2.29423303e-05
 -2.04721003e-06 -1.59792834e-08  9.98204672e-10]
[ 0.00000000e+00 -1.45799022e-12 -2.28950829e-13  4.61941965e-11
 -1.75214813e-10 -1.83669770e-15  8.52960343e-16  2.29386423e-05
 -2.04721003e-06 -1.59792834e-08  9.98162133e-10]
[ 0.00000000e+00 -1.45799022e-12 -2.28980078e-13  4.62010753e-11
 -1.75214813e-10 -1.83669770e-15  8.52944060e-16  2.29423303e-05
 -2.04721003e-06 -1.59792834e-08  9.98214034e-10]
[ 0.00000000e+00 -1.45799022e-12 -2.28980078e-13  4.62010753e-11
 -1.75214813e-10 -1.83669770e-15  8.52944060e-16  2.29423303e-05
 -2.04721003e-06 -1.59792834e-08  9.98204672e-10]
[ 0.00000000e+00 -1.45799022e-12 -2.28984487e-13  4.62010753e-11
 -1.75214813e-10 -1.83669770e-15  8.52944060e-16  2.29423303e-05
 -2.04721003e-06 -1.59792834e-08  9.98214034e-10]
[ 0.00000000e+00 -1.45799022e-12 -2.28980078e-13  4.62010753e-11
 -1.75214813e-10 -1.83669770e-15  8.52944060e-16  2.29423303e-05
 -2.04710852e-06 -1.59792834e-08  9.98214034e-10]

population after mutation:
[ 0.00000000e+00 -1.45799022e-12 -2.28980078e-13  4.62010753e-11
 -1.75230335e-10 -1.83703880e-15  8.52944060e-16  2.29423303e-05
 -2.04721003e-06 -1.59815387e-08  9.98214034e-10]
[ 0.00000000e+00 -1.45799022e-12 -2.28980078e-13  4.62010753e-11
 -1.75181101e-10 -1.83669770e-15  8.52960343e-16  2.29423303e-05
 -2.04721003e-06 -1.59792834e-08  9.98214034e-10]
[ 0.00000000e+00 -1.45799022e-12 -2.29018419e-13  4.62010753e-11
 -1.75214813e-10 -1.83669770e-15  8.52960343e-16  2.29355400e-05
 -2.04721003e-06 -1.59792834e-08  9.98026581e-10]
[ 0.00000000e+00 -1.45799022e-12 -2.28981978e-13  4.62010753e-11
 -1.75214813e-10 -1.83669770e-15  8.52944060e-16  2.29423303e-05
 -2.04721003e-06 -1.59806964e-08  9.98214034e-10]
[ 0.00000000e+00 -1.45799022e-12 -2.28958515e-13  4.62010753e-11
 -1.75214813e-10 -1.83669770e-15  8.52944060e-16  2.29423303e-05
 -2.04721003e-06 -1.59792834e-08  9.98204672e-10]
[ 0.00000000e+00 -1.45790947e-12 -2.28950829e-13  4.61941965e-11
 -1.75212744e-10 -1.83669770e-15  8.52960343e-16  2.29386423e-05
 -2.04721003e-06 -1.59792834e-08  9.98162133e-10]
[ 0.00000000e+00 -1.45799022e-12 -2.28980078e-13  4.62010753e-11
 -1.75214813e-10 -1.83637176e-15  8.52944060e-16  2.29423303e-05
 -2.04727519e-06 -1.59792834e-08  9.98214034e-10]
[ 0.00000000e+00 -1.45819145e-12 -2.28980078e-13  4.62010753e-11
 -1.75214813e-10 -1.83669770e-15  8.52944060e-16  2.29423303e-05
 -2.04721003e-06 -1.59792834e-08  9.98204672e-10]
[ 0.00000000e+00 -1.45799022e-12 -2.29018259e-13  4.62074697e-11
 -1.75214813e-10 -1.83669770e-15  8.52944060e-16  2.29423303e-05
 -2.04721003e-06 -1.59792834e-08  9.98214034e-10]
[ 0.00000000e+00 -1.45799022e-12 -2.28980078e-13  4.62010753e-11
 -1.75238411e-10 -1.83669770e-15  8.52944060e-16  2.29423303e-05
 -2.04710852e-06 -1.59792834e-08  9.98214034e-10]


 
 
 
generation 1 

initial population:
[ 0.00000000e+00 -1.45799022e-12 -2.28980078e-13  4.62010753e-11
 -1.75214813e-10 -1.83669770e-15  8.52944060e-16  2.29423303e-05
 -2.04721003e-06 -1.59795697e-08  9.98214034e-10]
[ 0.00000000e+00 -1.45799022e-12 -2.28980078e-13  4.62010753e-11
 -1.75217598e-10 -1.83669770e-15  8.52944060e-16  2.29423303e-05
 -2.04721003e-06 -1.59792834e-08  9.98259856e-10]
[ 0.00000000e+00 -1.45799022e-12 -2.28980078e-13  4.62010753e-11
 -1.75214813e-10 -1.83651698e-15  8.52944060e-16  2.29423303e-05
 -2.04721003e-06 -1.59792834e-08  9.98214034e-10]
[ 0.00000000e+00 -1.45799022e-12 -2.28980078e-13  4.62062717e-11
 -1.75214813e-10 -1.83669770e-15  8.52944060e-16  2.29423303e-05
 -2.04721003e-06 -1.59792834e-08  9.98103923e-10]
[ 0.00000000e+00 -1.45799022e-12 -2.28980078e-13  4.62010753e-11
 -1.75214813e-10 -1.83679957e-15  8.52944060e-16  2.29423303e-05
 -2.04721003e-06 -1.59789213e-08  9.98214034e-10]
[ 0.00000000e+00 -1.45802411e-12 -2.28960956e-13  4.62010753e-11
 -1.75214813e-10 -1.83669770e-15  8.52944060e-16  2.29423303e-05
 -2.04721003e-06 -1.59792834e-08  9.98214034e-10]
[ 0.00000000e+00 -1.45799022e-12 -2.28980078e-13  4.62010753e-11
 -1.75214813e-10 -1.83669770e-15  8.52944060e-16  2.29423303e-05
 -2.04721003e-06 -1.59792834e-08  9.98214034e-10]
[ 0.00000000e+00 -1.45799022e-12 -2.28980078e-13  4.62010753e-11
 -1.75186485e-10 -1.83669770e-15  8.52944060e-16  2.29423303e-05
 -2.04721003e-06 -1.59792834e-08  9.98214034e-10]
[ 0.00000000e+00 -1.45799022e-12 -2.28980078e-13  4.62010753e-11
 -1.75214813e-10 -1.83669770e-15  8.52920650e-16  2.29423303e-05
 -2.04721003e-06 -1.59792834e-08  9.98214034e-10]
[ 0.00000000e+00 -1.45799022e-12 -2.28980078e-13  4.62010753e-11
 -1.75214813e-10 -1.83644726e-15  8.52944060e-16  2.29423303e-05
 -2.04721003e-06 -1.59792834e-08  9.98214034e-10]

parents after selection:
parent1 and its probability : [ 0.00000000e+00 -1.45802411e-12 -2.28960956e-13  4.62010753e-11
 -1.75214813e-10 -1.83669770e-15  8.52944060e-16  2.29423303e-05
 -2.04721003e-06 -1.59792834e-08  9.98214034e-10]0.09996251467652818
parent2 and its probability:  [ 0.00000000e+00 -1.45799022e-12 -2.28980078e-13  4.62010753e-11
 -1.75214813e-10 -1.83644726e-15  8.52944060e-16  2.29423303e-05
 -2.04721003e-06 -1.59792834e-08  9.98214034e-10]0.09992974919391845
parents after selection:
parent1 and its probability : [ 0.00000000e+00 -1.45799022e-12 -2.28980078e-13  4.62010753e-11
 -1.75214813e-10 -1.83651698e-15  8.52944060e-16  2.29423303e-05
 -2.04721003e-06 -1.59792834e-08  9.98214034e-10]0.09993887036089959
parent2 and its probability:  [ 0.00000000e+00 -1.45799022e-12 -2.28980078e-13  4.62010753e-11
 -1.75217598e-10 -1.83669770e-15  8.52944060e-16  2.29423303e-05
 -2.04721003e-06 -1.59792834e-08  9.98259856e-10]0.09965922555656438
parents after selection:
parent1 and its probability : [ 0.00000000e+00 -1.45799022e-12 -2.28980078e-13  4.62010753e-11
 -1.75214813e-10 -1.83669770e-15  8.52944060e-16  2.29423303e-05
 -2.04721003e-06 -1.59795697e-08  9.98214034e-10]0.10000092240024308
parent2 and its probability:  [ 0.00000000e+00 -1.45799022e-12 -2.28980078e-13  4.62062717e-11
 -1.75214813e-10 -1.83669770e-15  8.52944060e-16  2.29423303e-05
 -2.04721003e-06 -1.59792834e-08  9.98103923e-10]0.10069389417085838
parents after selection:
parent1 and its probability : [ 0.00000000e+00 -1.45799022e-12 -2.28980078e-13  4.62010753e-11
 -1.75214813e-10 -1.83669770e-15  8.52920650e-16  2.29423303e-05
 -2.04721003e-06 -1.59792834e-08  9.98214034e-10]0.09996251467652818
parent2 and its probability:  [ 0.00000000e+00 -1.45799022e-12 -2.28980078e-13  4.62010753e-11
 -1.75186485e-10 -1.83669770e-15  8.52944060e-16  2.29423303e-05
 -2.04721003e-06 -1.59792834e-08  9.98214034e-10]0.09996251467651682
parents after selection:
parent1 and its probability : [ 0.00000000e+00 -1.45799022e-12 -2.28980078e-13  4.62010753e-11
 -1.75186485e-10 -1.83669770e-15  8.52944060e-16  2.29423303e-05
 -2.04721003e-06 -1.59792834e-08  9.98214034e-10]0.09996251467651682
parent2 and its probability:  [ 0.00000000e+00 -1.45799022e-12 -2.28980078e-13  4.62010753e-11
 -1.75214813e-10 -1.83669770e-15  8.52944060e-16  2.29423303e-05
 -2.04721003e-06 -1.59795697e-08  9.98214034e-10]0.10000092240024308
parents after selection:
parent1 and its probability : [ 0.00000000e+00 -1.45799022e-12 -2.28980078e-13  4.62010753e-11
 -1.75214813e-10 -1.83669770e-15  8.52920650e-16  2.29423303e-05
 -2.04721003e-06 -1.59792834e-08  9.98214034e-10]0.09996251467652818
parent2 and its probability:  [ 0.00000000e+00 -1.45799022e-12 -2.28980078e-13  4.62062717e-11
 -1.75214813e-10 -1.83669770e-15  8.52944060e-16  2.29423303e-05
 -2.04721003e-06 -1.59792834e-08  9.98103923e-10]0.10069389417085838
parents after selection:
parent1 and its probability : [ 0.00000000e+00 -1.45799022e-12 -2.28980078e-13  4.62010753e-11
 -1.75214813e-10 -1.83669770e-15  8.52944060e-16  2.29423303e-05
 -2.04721003e-06 -1.59792834e-08  9.98214034e-10]0.09996251467652818
parent2 and its probability:  [ 0.00000000e+00 -1.45799022e-12 -2.28980078e-13  4.62010753e-11
 -1.75214813e-10 -1.83651698e-15  8.52944060e-16  2.29423303e-05
 -2.04721003e-06 -1.59792834e-08  9.98214034e-10]0.09993887036089959
parents after selection:
parent1 and its probability : [ 0.00000000e+00 -1.45799022e-12 -2.28980078e-13  4.62010753e-11
 -1.75217598e-10 -1.83669770e-15  8.52944060e-16  2.29423303e-05
 -2.04721003e-06 -1.59792834e-08  9.98259856e-10]0.09965922555656438
parent2 and its probability:  [ 0.00000000e+00 -1.45802411e-12 -2.28960956e-13  4.62010753e-11
 -1.75214813e-10 -1.83669770e-15  8.52944060e-16  2.29423303e-05
 -2.04721003e-06 -1.59792834e-08  9.98214034e-10]0.09996251467652818
parents after selection:
parent1 and its probability : [ 0.00000000e+00 -1.45799022e-12 -2.28980078e-13  4.62010753e-11
 -1.75217598e-10 -1.83669770e-15  8.52944060e-16  2.29423303e-05
 -2.04721003e-06 -1.59792834e-08  9.98259856e-10]0.09965922555656438
parent2 and its probability:  [ 0.00000000e+00 -1.45799022e-12 -2.28980078e-13  4.62010753e-11
 -1.75186485e-10 -1.83669770e-15  8.52944060e-16  2.29423303e-05
 -2.04721003e-06 -1.59792834e-08  9.98214034e-10]0.09996251467651682
parents after selection:
parent1 and its probability : [ 0.00000000e+00 -1.45799022e-12 -2.28980078e-13  4.62010753e-11
 -1.75214813e-10 -1.83669770e-15  8.52920650e-16  2.29423303e-05
 -2.04721003e-06 -1.59792834e-08  9.98214034e-10]0.09996251467652818
parent2 and its probability:  [ 0.00000000e+00 -1.45799022e-12 -2.28980078e-13  4.62010753e-11
 -1.75186485e-10 -1.83669770e-15  8.52944060e-16  2.29423303e-05
 -2.04721003e-06 -1.59792834e-08  9.98214034e-10]0.09996251467651682
population after corssover:
[ 0.00000000e+00 -1.45802411e-12 -2.28980078e-13  4.62010753e-11
 -1.75214813e-10 -1.83644726e-15  8.52944060e-16  2.29423303e-05
 -2.04721003e-06 -1.59792834e-08  9.98214034e-10]
[ 0.00000000e+00 -1.45799022e-12 -2.28980078e-13  4.62010753e-11
 -1.75214813e-10 -1.83669770e-15  8.52944060e-16  2.29423303e-05
 -2.04721003e-06 -1.59792834e-08  9.98259856e-10]
[ 0.00000000e+00 -1.45799022e-12 -2.28980078e-13  4.62010753e-11
 -1.75214813e-10 -1.83669770e-15  8.52944060e-16  2.29423303e-05
 -2.04721003e-06 -1.59792834e-08  9.98103923e-10]
[ 0.00000000e+00 -1.45799022e-12 -2.28980078e-13  4.62010753e-11
 -1.75186485e-10 -1.83669770e-15  8.52944060e-16  2.29423303e-05
 -2.04721003e-06 -1.59792834e-08  9.98214034e-10]
[ 0.00000000e+00 -1.45799022e-12 -2.28980078e-13  4.62010753e-11
 -1.75186485e-10 -1.83669770e-15  8.52944060e-16  2.29423303e-05
 -2.04721003e-06 -1.59792834e-08  9.98214034e-10]
[ 0.00000000e+00 -1.45799022e-12 -2.28980078e-13  4.62010753e-11
 -1.75214813e-10 -1.83669770e-15  8.52920650e-16  2.29423303e-05
 -2.04721003e-06 -1.59792834e-08  9.98103923e-10]
[ 0.00000000e+00 -1.45799022e-12 -2.28980078e-13  4.62010753e-11
 -1.75214813e-10 -1.83651698e-15  8.52944060e-16  2.29423303e-05
 -2.04721003e-06 -1.59792834e-08  9.98214034e-10]
[ 0.00000000e+00 -1.45799022e-12 -2.28980078e-13  4.62010753e-11
 -1.75217598e-10 -1.83669770e-15  8.52944060e-16  2.29423303e-05
 -2.04721003e-06 -1.59792834e-08  9.98214034e-10]
[ 0.00000000e+00 -1.45799022e-12 -2.28980078e-13  4.62010753e-11
 -1.75217598e-10 -1.83669770e-15  8.52944060e-16  2.29423303e-05
 -2.04721003e-06 -1.59792834e-08  9.98214034e-10]
[ 0.00000000e+00 -1.45799022e-12 -2.28980078e-13  4.62010753e-11
 -1.75186485e-10 -1.83669770e-15  8.52944060e-16  2.29423303e-05
 -2.04721003e-06 -1.59792834e-08  9.98214034e-10]

population after mutation:
[ 0.00000000e+00 -1.45802411e-12 -2.28980078e-13  4.62010753e-11
 -1.75214813e-10 -1.83644726e-15  8.52944060e-16  2.29423303e-05
 -2.04721003e-06 -1.59792834e-08  9.98214034e-10]
[ 0.00000000e+00 -1.45799022e-12 -2.28980078e-13  4.62057359e-11
 -1.75236085e-10 -1.83669770e-15  8.52944060e-16  2.29423303e-05
 -2.04753586e-06 -1.59792834e-08  9.98259856e-10]
[ 0.00000000e+00 -1.45799022e-12 -2.28980078e-13  4.62010753e-11
 -1.75214813e-10 -1.83656398e-15  8.53095809e-16  2.29423303e-05
 -2.04721003e-06 -1.59792834e-08  9.98103923e-10]
[ 0.00000000e+00 -1.45799022e-12 -2.29023497e-13  4.62010753e-11
 -1.75186485e-10 -1.83669770e-15  8.52944060e-16  2.29423303e-05
 -2.04721003e-06 -1.59792834e-08  9.98054122e-10]
[ 0.00000000e+00 -1.45799022e-12 -2.29004426e-13  4.62010753e-11
 -1.75186485e-10 -1.83669770e-15  8.52944060e-16  2.29423303e-05
 -2.04721003e-06 -1.59770252e-08  9.98214034e-10]
[ 0.00000000e+00 -1.45799022e-12 -2.28980078e-13  4.62010753e-11
 -1.75224693e-10 -1.83669770e-15  8.52920650e-16  2.29423303e-05
 -2.04721003e-06 -1.59807267e-08  9.98103923e-10]
[ 0.00000000e+00 -1.45819102e-12 -2.28980078e-13  4.62004064e-11
 -1.75214813e-10 -1.83651698e-15  8.52944060e-16  2.29423303e-05
 -2.04721003e-06 -1.59783279e-08  9.98366575e-10]
[ 0.00000000e+00 -1.45799022e-12 -2.28980078e-13  4.62010753e-11
 -1.75217598e-10 -1.83669770e-15  8.52944060e-16  2.29423303e-05
 -2.04721003e-06 -1.59792834e-08  9.98214034e-10]
[ 0.00000000e+00 -1.45799022e-12 -2.28980078e-13  4.62010753e-11
 -1.75199843e-10 -1.83669770e-15  8.52944060e-16  2.29383780e-05
 -2.04721003e-06 -1.59792834e-08  9.98214034e-10]
[ 0.00000000e+00 -1.45799022e-12 -2.28980078e-13  4.62060208e-11
 -1.75186485e-10 -1.83673986e-15  8.52944060e-16  2.29423303e-05
 -2.04721003e-06 -1.59792834e-08  9.98214034e-10]


 
 
 
generation 1 

initial population:
[ 0.00000000e+00 -5.78148146e-13  0.00000000e+00  3.56662113e-11
 -1.18809239e-10 -6.48313614e-16  3.47232153e-16  0.00000000e+00
 -9.62006124e-07 -1.13048299e-08  3.29274737e-10]
[ 0.00000000e+00 -9.81301034e-13  0.00000000e+00  2.49120195e-11
 -7.14996999e-11 -7.30956756e-16  4.73226797e-16  1.15879019e-05
 -7.87243484e-07 -1.00116708e-08  4.91430883e-10]
[ 0.00000000e+00  0.00000000e+00  0.00000000e+00  2.82938546e-11
 -6.26430900e-11 -5.84120005e-16  3.33125484e-16  1.27572391e-05
 -8.70863423e-07 -4.99630067e-09  3.53803994e-10]
[ 0.00000000e+00  0.00000000e+00 -1.58655276e-13  0.00000000e+00
  0.00000000e+00 -1.14183733e-15  3.69206099e-16  1.74723424e-05
 -1.50319929e-06 -7.17164576e-09  4.78627905e-10]
[ 0.00000000e+00  0.00000000e+00 -1.61340097e-13  2.27562260e-11
 -5.43957831e-11  0.00000000e+00  5.91722807e-16  7.88835908e-06
  0.00000000e+00 -8.73732108e-09  3.12938331e-10]
[ 0.00000000e+00 -9.94397000e-13 -1.61509743e-13  1.82810330e-11
 -1.31704974e-10 -5.78853923e-16  0.00000000e+00  1.25319361e-05
 -1.48522547e-06 -6.72995057e-09  0.00000000e+00]
[ 0.00000000e+00  0.00000000e+00 -8.96475217e-14  2.39881325e-11
 -7.07452500e-11 -1.41136216e-15  2.87313501e-16  1.19055160e-05
 -1.27888829e-06  0.00000000e+00  0.00000000e+00]
[ 0.00000000e+00 -5.66331287e-13 -7.68707703e-14  3.66957396e-11
 -9.87378840e-11 -1.27899384e-15  4.34231377e-16  0.00000000e+00
 -1.27766352e-06 -1.13125023e-08  7.72445002e-10]
[ 0.00000000e+00 -6.31387103e-13 -1.28455236e-13  2.03067910e-11
 -8.46696567e-11 -7.64828724e-16  4.49571490e-16  7.56701638e-06
 -1.58968262e-06 -1.01792477e-08  4.85797896e-10]
[ 0.00000000e+00 -1.07032540e-12 -1.17294628e-13  1.65692935e-11
 -1.08235871e-10 -6.26027790e-16  6.13926135e-16  0.00000000e+00
 -1.18156551e-06 -5.16727329e-09  4.24694199e-10]

parents after selection:
parent1 and its probability : [ 0.00000000e+00 -5.66331287e-13 -7.68707703e-14  3.66957396e-11
 -9.87378840e-11 -1.27899384e-15  4.34231377e-16  0.00000000e+00
 -1.27766352e-06 -1.13125023e-08  7.72445002e-10]0.4732499523027888
parent2 and its probability:  [ 0.00000000e+00 -5.66331287e-13 -7.68707703e-14  3.66957396e-11
 -9.87378840e-11 -1.27899384e-15  4.34231377e-16  0.00000000e+00
 -1.27766352e-06 -1.13125023e-08  7.72445002e-10]0.4732499523027888
parents after selection:
parent1 and its probability : [ 0.00000000e+00 -5.66331287e-13 -7.68707703e-14  3.66957396e-11
 -9.87378840e-11 -1.27899384e-15  4.34231377e-16  0.00000000e+00
 -1.27766352e-06 -1.13125023e-08  7.72445002e-10]0.4732499523027888
parent2 and its probability:  [ 0.00000000e+00  0.00000000e+00  0.00000000e+00  2.82938546e-11
 -6.26430900e-11 -5.84120005e-16  3.33125484e-16  1.27572391e-05
 -8.70863423e-07 -4.99630067e-09  3.53803994e-10]0.3768390495894863
parents after selection:
parent1 and its probability : [ 0.00000000e+00  0.00000000e+00  0.00000000e+00  2.82938546e-11
 -6.26430900e-11 -5.84120005e-16  3.33125484e-16  1.27572391e-05
 -8.70863423e-07 -4.99630067e-09  3.53803994e-10]0.3768390495894863
parent2 and its probability:  [ 0.00000000e+00 -5.66331287e-13 -7.68707703e-14  3.66957396e-11
 -9.87378840e-11 -1.27899384e-15  4.34231377e-16  0.00000000e+00
 -1.27766352e-06 -1.13125023e-08  7.72445002e-10]0.4732499523027888
parents after selection:
parent1 and its probability : [ 0.00000000e+00  0.00000000e+00  0.00000000e+00  2.82938546e-11
 -6.26430900e-11 -5.84120005e-16  3.33125484e-16  1.27572391e-05
 -8.70863423e-07 -4.99630067e-09  3.53803994e-10]0.3768390495894863
parent2 and its probability:  [ 0.00000000e+00 -5.66331287e-13 -7.68707703e-14  3.66957396e-11
 -9.87378840e-11 -1.27899384e-15  4.34231377e-16  0.00000000e+00
 -1.27766352e-06 -1.13125023e-08  7.72445002e-10]0.4732499523027888
parents after selection:
parent1 and its probability : [ 0.00000000e+00  0.00000000e+00  0.00000000e+00  2.82938546e-11
 -6.26430900e-11 -5.84120005e-16  3.33125484e-16  1.27572391e-05
 -8.70863423e-07 -4.99630067e-09  3.53803994e-10]0.3768390495894863
parent2 and its probability:  [ 0.00000000e+00 -9.94397000e-13 -1.61509743e-13  1.82810330e-11
 -1.31704974e-10 -5.78853923e-16  0.00000000e+00  1.25319361e-05
 -1.48522547e-06 -6.72995057e-09  0.00000000e+00]0.0014393228303944212
parents after selection:
parent1 and its probability : [ 0.00000000e+00 -5.66331287e-13 -7.68707703e-14  3.66957396e-11
 -9.87378840e-11 -1.27899384e-15  4.34231377e-16  0.00000000e+00
 -1.27766352e-06 -1.13125023e-08  7.72445002e-10]0.4732499523027888
parent2 and its probability:  [ 0.00000000e+00  0.00000000e+00  0.00000000e+00  2.82938546e-11
 -6.26430900e-11 -5.84120005e-16  3.33125484e-16  1.27572391e-05
 -8.70863423e-07 -4.99630067e-09  3.53803994e-10]0.3768390495894863
parents after selection:
parent1 and its probability : [ 0.00000000e+00 -5.66331287e-13 -7.68707703e-14  3.66957396e-11
 -9.87378840e-11 -1.27899384e-15  4.34231377e-16  0.00000000e+00
 -1.27766352e-06 -1.13125023e-08  7.72445002e-10]0.4732499523027888
parent2 and its probability:  [ 0.00000000e+00  0.00000000e+00  0.00000000e+00  2.82938546e-11
 -6.26430900e-11 -5.84120005e-16  3.33125484e-16  1.27572391e-05
 -8.70863423e-07 -4.99630067e-09  3.53803994e-10]0.3768390495894863
parents after selection:
parent1 and its probability : [ 0.00000000e+00 -5.66331287e-13 -7.68707703e-14  3.66957396e-11
 -9.87378840e-11 -1.27899384e-15  4.34231377e-16  0.00000000e+00
 -1.27766352e-06 -1.13125023e-08  7.72445002e-10]0.4732499523027888
parent2 and its probability:  [ 0.00000000e+00  0.00000000e+00  0.00000000e+00  2.82938546e-11
 -6.26430900e-11 -5.84120005e-16  3.33125484e-16  1.27572391e-05
 -8.70863423e-07 -4.99630067e-09  3.53803994e-10]0.3768390495894863
parents after selection:
parent1 and its probability : [ 0.00000000e+00 -1.07032540e-12 -1.17294628e-13  1.65692935e-11
 -1.08235871e-10 -6.26027790e-16  6.13926135e-16  0.00000000e+00
 -1.18156551e-06 -5.16727329e-09  4.24694199e-10]0.025683357912047
parent2 and its probability:  [ 0.00000000e+00 -5.66331287e-13 -7.68707703e-14  3.66957396e-11
 -9.87378840e-11 -1.27899384e-15  4.34231377e-16  0.00000000e+00
 -1.27766352e-06 -1.13125023e-08  7.72445002e-10]0.4732499523027888
parents after selection:
parent1 and its probability : [ 0.00000000e+00 -9.81301034e-13  0.00000000e+00  2.49120195e-11
 -7.14996999e-11 -7.30956756e-16  4.73226797e-16  1.15879019e-05
 -7.87243484e-07 -1.00116708e-08  4.91430883e-10]0.06390107709217252
parent2 and its probability:  [ 0.00000000e+00 -5.66331287e-13 -7.68707703e-14  3.66957396e-11
 -9.87378840e-11 -1.27899384e-15  4.34231377e-16  0.00000000e+00
 -1.27766352e-06 -1.13125023e-08  7.72445002e-10]0.4732499523027888
population after corssover:
[ 0.00000000e+00 -5.66331287e-13 -7.68707703e-14  3.66957396e-11
 -9.87378840e-11 -1.27899384e-15  4.34231377e-16  0.00000000e+00
 -1.27766352e-06 -1.13125023e-08  7.72445002e-10]
[ 0.00000000e+00 -5.66331287e-13 -7.68707703e-14  3.66957396e-11
 -6.26430900e-11 -5.84120005e-16  3.33125484e-16  1.27572391e-05
 -8.70863423e-07 -4.99630067e-09  3.53803994e-10]
[ 0.00000000e+00  0.00000000e+00  0.00000000e+00  2.82938546e-11
 -6.26430900e-11 -1.27899384e-15  4.34231377e-16  0.00000000e+00
 -1.27766352e-06 -1.13125023e-08  7.72445002e-10]
[ 0.00000000e+00  0.00000000e+00  0.00000000e+00  2.82938546e-11
 -6.26430900e-11 -1.27899384e-15  4.34231377e-16  0.00000000e+00
 -1.27766352e-06 -1.13125023e-08  7.72445002e-10]
[ 0.00000000e+00  0.00000000e+00  0.00000000e+00  2.82938546e-11
 -6.26430900e-11 -5.84120005e-16  3.33125484e-16  1.27572391e-05
 -8.70863423e-07 -6.72995057e-09  0.00000000e+00]
[ 0.00000000e+00  0.00000000e+00  0.00000000e+00  2.82938546e-11
 -6.26430900e-11 -5.84120005e-16  3.33125484e-16  1.27572391e-05
 -8.70863423e-07 -4.99630067e-09  3.53803994e-10]
[ 0.00000000e+00 -5.66331287e-13 -7.68707703e-14  2.82938546e-11
 -6.26430900e-11 -5.84120005e-16  3.33125484e-16  1.27572391e-05
 -8.70863423e-07 -4.99630067e-09  3.53803994e-10]
[ 0.00000000e+00 -5.66331287e-13 -7.68707703e-14  3.66957396e-11
 -9.87378840e-11 -1.27899384e-15  4.34231377e-16  0.00000000e+00
 -8.70863423e-07 -4.99630067e-09  3.53803994e-10]
[ 0.00000000e+00 -1.07032540e-12 -1.17294628e-13  1.65692935e-11
 -1.08235871e-10 -1.27899384e-15  4.34231377e-16  0.00000000e+00
 -1.27766352e-06 -1.13125023e-08  7.72445002e-10]
[ 0.00000000e+00 -9.81301034e-13  0.00000000e+00  2.49120195e-11
 -9.87378840e-11 -1.27899384e-15  4.34231377e-16  0.00000000e+00
 -1.27766352e-06 -1.13125023e-08  7.72445002e-10]

population after mutation:
[ 0.00000000e+00 -5.66331287e-13 -7.68707703e-14  3.66895071e-11
 -9.87378840e-11 -1.27899384e-15  4.34231377e-16  0.00000000e+00
 -1.27766352e-06 -1.13125023e-08  7.72445002e-10]
[ 0.00000000e+00 -5.66331287e-13 -7.68637385e-14  3.66957396e-11
 -6.26430900e-11 -5.84120005e-16  3.33125484e-16  1.27572391e-05
 -8.70867289e-07 -4.99630067e-09  3.53803994e-10]
[ 0.00000000e+00  0.00000000e+00  0.00000000e+00  2.82907723e-11
 -6.26430900e-11 -1.27901279e-15  4.34231377e-16  0.00000000e+00
 -1.27766352e-06 -1.13120695e-08  7.72445002e-10]
[ 0.00000000e+00  0.00000000e+00  0.00000000e+00  2.82938546e-11
 -6.26430900e-11 -1.27899384e-15  4.34285589e-16  0.00000000e+00
 -1.27766352e-06 -1.13125023e-08  7.72472200e-10]
[ 0.00000000e+00  0.00000000e+00  0.00000000e+00  2.82990193e-11
 -6.26430900e-11 -5.84120005e-16  3.33128078e-16  1.27594594e-05
 -8.70785651e-07 -6.72995057e-09  0.00000000e+00]
[ 0.00000000e+00  0.00000000e+00  0.00000000e+00  2.82938546e-11
 -6.26459521e-11 -5.84120005e-16  3.33125484e-16  1.27572391e-05
 -8.70863423e-07 -4.99630067e-09  3.53803994e-10]
[ 0.00000000e+00 -5.66331287e-13 -7.68728962e-14  2.82932507e-11
 -6.26430900e-11 -5.84120005e-16  3.33122256e-16  1.27572391e-05
 -8.70863423e-07 -4.99644731e-09  3.53803994e-10]
[ 0.00000000e+00 -5.66331287e-13 -7.68820716e-14  3.66957396e-11
 -9.87378840e-11 -1.27899384e-15  4.34231377e-16  0.00000000e+00
 -8.70863423e-07 -4.99630067e-09  3.53803994e-10]
[ 0.00000000e+00 -1.07032540e-12 -1.17294628e-13  1.65692935e-11
 -1.08235871e-10 -1.27912599e-15  4.34231377e-16  0.00000000e+00
 -1.27766352e-06 -1.13125023e-08  7.72376326e-10]
[ 0.00000000e+00 -9.81413292e-13  0.00000000e+00  2.49120195e-11
 -9.87224701e-11 -1.27899384e-15  4.34231377e-16  0.00000000e+00
 -1.27766352e-06 -1.13125023e-08  7.72445002e-10]


 
 
 
generation 1 

initial population:
[ 0.00000000e+00 -1.07032540e-12 -1.17294628e-13  1.65691496e-11
 -1.08235871e-10 -1.27912599e-15  4.34231377e-16  0.00000000e+00
 -1.27766352e-06 -1.13125023e-08  7.72376326e-10]
[ 0.00000000e+00 -9.81413292e-13  0.00000000e+00  2.49084458e-11
 -9.87276789e-11 -1.27899384e-15  4.34231377e-16  0.00000000e+00
 -1.27762234e-06 -1.13125023e-08  7.72445002e-10]
[ 0.00000000e+00 -5.66331287e-13 -7.68604291e-14  3.66895071e-11
 -9.87378840e-11 -1.27899384e-15  4.34231377e-16  0.00000000e+00
 -1.27766352e-06 -1.13125023e-08  7.72548230e-10]
[ 0.00000000e+00 -5.66331287e-13 -7.68718388e-14  3.66957396e-11
 -9.87378840e-11 -1.27879651e-15  4.34231377e-16  0.00000000e+00
 -1.27773283e-06 -1.13132531e-08  7.72457077e-10]
[ 0.00000000e+00  0.00000000e+00  0.00000000e+00  2.82907723e-11
 -6.26397580e-11 -1.27901279e-15  4.34231377e-16  0.00000000e+00
 -1.27772413e-06 -1.13120695e-08  7.72445002e-10]
[ 0.00000000e+00  0.00000000e+00  0.00000000e+00  2.82901498e-11
 -6.26430900e-11 -1.27907769e-15  4.34285589e-16  0.00000000e+00
 -1.27744919e-06 -1.13125023e-08  7.72407341e-10]
[ 0.00000000e+00 -5.66331287e-13 -7.68585260e-14  2.82932507e-11
 -6.26430900e-11 -5.84228521e-16  3.33122256e-16  1.27572391e-05
 -8.70863423e-07 -4.99644731e-09  3.53803994e-10]
[ 0.00000000e+00 -5.66331287e-13 -7.68633034e-14  3.66889168e-11
 -6.26430900e-11 -5.84120005e-16  3.33125484e-16  1.27562865e-05
 -8.70867289e-07 -4.99630067e-09  3.53803994e-10]
[ 0.00000000e+00  0.00000000e+00  0.00000000e+00  2.82938546e-11
 -6.26459521e-11 -5.84164406e-16  3.33108246e-16  1.27572391e-05
 -8.70863423e-07 -4.99604161e-09  3.53830183e-10]
[ 0.00000000e+00  0.00000000e+00  0.00000000e+00  2.82938546e-11
 -6.26430900e-11 -5.84120005e-16  3.33125484e-16  1.27572391e-05
 -8.70863423e-07 -4.99630067e-09  3.53802710e-10]

parents after selection:
parent1 and its probability : [ 0.00000000e+00 -9.81413292e-13  0.00000000e+00  2.49084458e-11
 -9.87276789e-11 -1.27899384e-15  4.34231377e-16  0.00000000e+00
 -1.27762234e-06 -1.13125023e-08  7.72445002e-10]0.10883438244606382
parent2 and its probability:  [ 0.00000000e+00 -5.66331287e-13 -7.68604291e-14  3.66895071e-11
 -9.87378840e-11 -1.27899384e-15  4.34231377e-16  0.00000000e+00
 -1.27766352e-06 -1.13125023e-08  7.72548230e-10]0.10851181277259006
parents after selection:
parent1 and its probability : [ 0.00000000e+00  0.00000000e+00  0.00000000e+00  2.82907723e-11
 -6.26397580e-11 -1.27901279e-15  4.34231377e-16  0.00000000e+00
 -1.27772413e-06 -1.13120695e-08  7.72445002e-10]0.10897067823380464
parent2 and its probability:  [ 0.00000000e+00  0.00000000e+00  0.00000000e+00  2.82901498e-11
 -6.26430900e-11 -1.27907769e-15  4.34285589e-16  0.00000000e+00
 -1.27744919e-06 -1.13125023e-08  7.72407341e-10]0.10870280354260495
parents after selection:
parent1 and its probability : [ 0.00000000e+00 -5.66331287e-13 -7.68604291e-14  3.66895071e-11
 -9.87378840e-11 -1.27899384e-15  4.34231377e-16  0.00000000e+00
 -1.27766352e-06 -1.13125023e-08  7.72548230e-10]0.10851181277259006
parent2 and its probability:  [ 0.00000000e+00  0.00000000e+00  0.00000000e+00  2.82901498e-11
 -6.26430900e-11 -1.27907769e-15  4.34285589e-16  0.00000000e+00
 -1.27744919e-06 -1.13125023e-08  7.72407341e-10]0.10870280354260495
parents after selection:
parent1 and its probability : [ 0.00000000e+00 -5.66331287e-13 -7.68604291e-14  3.66895071e-11
 -9.87378840e-11 -1.27899384e-15  4.34231377e-16  0.00000000e+00
 -1.27766352e-06 -1.13125023e-08  7.72548230e-10]0.10851181277259006
parent2 and its probability:  [ 0.00000000e+00  0.00000000e+00  0.00000000e+00  2.82901498e-11
 -6.26430900e-11 -1.27907769e-15  4.34285589e-16  0.00000000e+00
 -1.27744919e-06 -1.13125023e-08  7.72407341e-10]0.10870280354260495
parents after selection:
parent1 and its probability : [ 0.00000000e+00  0.00000000e+00  0.00000000e+00  2.82907723e-11
 -6.26397580e-11 -1.27901279e-15  4.34231377e-16  0.00000000e+00
 -1.27772413e-06 -1.13120695e-08  7.72445002e-10]0.10897067823380464
parent2 and its probability:  [ 0.00000000e+00 -5.66331287e-13 -7.68633034e-14  3.66889168e-11
 -6.26430900e-11 -5.84120005e-16  3.33125484e-16  1.27562865e-05
 -8.70867289e-07 -4.99630067e-09  3.53803994e-10]0.08675760330936415
parents after selection:
parent1 and its probability : [ 0.00000000e+00 -1.07032540e-12 -1.17294628e-13  1.65691496e-11
 -1.08235871e-10 -1.27912599e-15  4.34231377e-16  0.00000000e+00
 -1.27766352e-06 -1.13125023e-08  7.72376326e-10]0.1091704144260293
parent2 and its probability:  [ 0.00000000e+00 -9.81413292e-13  0.00000000e+00  2.49084458e-11
 -9.87276789e-11 -1.27899384e-15  4.34231377e-16  0.00000000e+00
 -1.27762234e-06 -1.13125023e-08  7.72445002e-10]0.10883438244606382
parents after selection:
parent1 and its probability : [ 0.00000000e+00 -5.66331287e-13 -7.68718388e-14  3.66957396e-11
 -9.87378840e-11 -1.27879651e-15  4.34231377e-16  0.00000000e+00
 -1.27773283e-06 -1.13132531e-08  7.72457077e-10]0.10900441891760636
parent2 and its probability:  [ 0.00000000e+00 -9.81413292e-13  0.00000000e+00  2.49084458e-11
 -9.87276789e-11 -1.27899384e-15  4.34231377e-16  0.00000000e+00
 -1.27762234e-06 -1.13125023e-08  7.72445002e-10]0.10883438244606382
parents after selection:
parent1 and its probability : [ 0.00000000e+00  0.00000000e+00  0.00000000e+00  2.82938546e-11
 -6.26430900e-11 -5.84120005e-16  3.33125484e-16  1.27572391e-05
 -8.70863423e-07 -4.99630067e-09  3.53802710e-10]0.0867207019751503
parent2 and its probability:  [ 0.00000000e+00 -5.66331287e-13 -7.68718388e-14  3.66957396e-11
 -9.87378840e-11 -1.27879651e-15  4.34231377e-16  0.00000000e+00
 -1.27773283e-06 -1.13132531e-08  7.72457077e-10]0.10900441891760636
parents after selection:
parent1 and its probability : [ 0.00000000e+00  0.00000000e+00  0.00000000e+00  2.82901498e-11
 -6.26430900e-11 -1.27907769e-15  4.34285589e-16  0.00000000e+00
 -1.27744919e-06 -1.13125023e-08  7.72407341e-10]0.10870280354260495
parent2 and its probability:  [ 0.00000000e+00 -1.07032540e-12 -1.17294628e-13  1.65691496e-11
 -1.08235871e-10 -1.27912599e-15  4.34231377e-16  0.00000000e+00
 -1.27766352e-06 -1.13125023e-08  7.72376326e-10]0.1091704144260293
parents after selection:
parent1 and its probability : [ 0.00000000e+00 -5.66331287e-13 -7.68604291e-14  3.66895071e-11
 -9.87378840e-11 -1.27899384e-15  4.34231377e-16  0.00000000e+00
 -1.27766352e-06 -1.13125023e-08  7.72548230e-10]0.10851181277259006
parent2 and its probability:  [ 0.00000000e+00 -1.07032540e-12 -1.17294628e-13  1.65691496e-11
 -1.08235871e-10 -1.27912599e-15  4.34231377e-16  0.00000000e+00
 -1.27766352e-06 -1.13125023e-08  7.72376326e-10]0.1091704144260293
population after corssover:
[ 0.00000000e+00 -9.81413292e-13  0.00000000e+00  2.49084458e-11
 -9.87276789e-11 -1.27899384e-15  4.34231377e-16  0.00000000e+00
 -1.27766352e-06 -1.13125023e-08  7.72548230e-10]
[ 0.00000000e+00  0.00000000e+00  0.00000000e+00  2.82907723e-11
 -6.26397580e-11 -1.27901279e-15  4.34231377e-16  0.00000000e+00
 -1.27772413e-06 -1.13120695e-08  7.72407341e-10]
[ 0.00000000e+00 -5.66331287e-13 -7.68604291e-14  3.66895071e-11
 -9.87378840e-11 -1.27899384e-15  4.34231377e-16  0.00000000e+00
 -1.27744919e-06 -1.13125023e-08  7.72407341e-10]
[ 0.00000000e+00 -5.66331287e-13 -7.68604291e-14  2.82901498e-11
 -6.26430900e-11 -1.27907769e-15  4.34285589e-16  0.00000000e+00
 -1.27744919e-06 -1.13125023e-08  7.72407341e-10]
[ 0.00000000e+00  0.00000000e+00  0.00000000e+00  2.82907723e-11
 -6.26397580e-11 -1.27901279e-15  3.33125484e-16  1.27562865e-05
 -8.70867289e-07 -4.99630067e-09  3.53803994e-10]
[ 0.00000000e+00 -1.07032540e-12 -1.17294628e-13  1.65691496e-11
 -1.08235871e-10 -1.27912599e-15  4.34231377e-16  0.00000000e+00
 -1.27762234e-06 -1.13125023e-08  7.72445002e-10]
[ 0.00000000e+00 -5.66331287e-13 -7.68718388e-14  3.66957396e-11
 -9.87378840e-11 -1.27899384e-15  4.34231377e-16  0.00000000e+00
 -1.27762234e-06 -1.13125023e-08  7.72445002e-10]
[ 0.00000000e+00  0.00000000e+00  0.00000000e+00  2.82938546e-11
 -6.26430900e-11 -1.27879651e-15  4.34231377e-16  0.00000000e+00
 -1.27773283e-06 -1.13132531e-08  7.72457077e-10]
[ 0.00000000e+00 -1.07032540e-12 -1.17294628e-13  1.65691496e-11
 -1.08235871e-10 -1.27912599e-15  4.34231377e-16  0.00000000e+00
 -1.27766352e-06 -1.13125023e-08  7.72376326e-10]
[ 0.00000000e+00 -5.66331287e-13 -7.68604291e-14  3.66895071e-11
 -9.87378840e-11 -1.27912599e-15  4.34231377e-16  0.00000000e+00
 -1.27766352e-06 -1.13125023e-08  7.72376326e-10]

population after mutation:
[ 0.00000000e+00 -9.81413292e-13  0.00000000e+00  2.49084458e-11
 -9.87276789e-11 -1.27899384e-15  4.34231377e-16  0.00000000e+00
 -1.27766352e-06 -1.13107960e-08  7.72545644e-10]
[ 0.00000000e+00  0.00000000e+00  0.00000000e+00  2.82907723e-11
 -6.26397580e-11 -1.27901279e-15  4.34211613e-16  0.00000000e+00
 -1.27772413e-06 -1.13120695e-08  7.72407341e-10]
[ 0.00000000e+00 -5.66331287e-13 -7.68604291e-14  3.66895071e-11
 -9.87188901e-11 -1.27899384e-15  4.34231377e-16  0.00000000e+00
 -1.27744919e-06 -1.13125023e-08  7.72409638e-10]
[ 0.00000000e+00 -5.66331287e-13 -7.68604291e-14  2.82891090e-11
 -6.26476835e-11 -1.27907769e-15  4.34285589e-16  0.00000000e+00
 -1.27744919e-06 -1.13125023e-08  7.72407341e-10]
[ 0.00000000e+00  0.00000000e+00  0.00000000e+00  2.82907723e-11
 -6.26397580e-11 -1.27901279e-15  3.33125484e-16  1.27556977e-05
 -8.70867289e-07 -4.99642916e-09  3.53803994e-10]
[ 0.00000000e+00 -1.07032540e-12 -1.17294628e-13  1.65691496e-11
 -1.08235871e-10 -1.27912599e-15  4.34231377e-16  0.00000000e+00
 -1.27773599e-06 -1.13125023e-08  7.72445002e-10]
[ 0.00000000e+00 -5.66331287e-13 -7.68718388e-14  3.66957396e-11
 -9.87568646e-11 -1.27899384e-15  4.34231377e-16  0.00000000e+00
 -1.27752757e-06 -1.13125023e-08  7.72449146e-10]
[ 0.00000000e+00  0.00000000e+00  0.00000000e+00  2.82938546e-11
 -6.26430900e-11 -1.27879651e-15  4.34231377e-16  0.00000000e+00
 -1.27773283e-06 -1.13132531e-08  7.72457077e-10]
[ 0.00000000e+00 -1.07051010e-12 -1.17294628e-13  1.65706271e-11
 -1.08236306e-10 -1.27912599e-15  4.34231377e-16  0.00000000e+00
 -1.27766352e-06 -1.13125023e-08  7.72376326e-10]
[ 0.00000000e+00 -5.66331287e-13 -7.68604291e-14  3.66895071e-11
 -9.87378840e-11 -1.27888401e-15  4.34231377e-16  0.00000000e+00
 -1.27766352e-06 -1.13125023e-08  7.72376326e-10]


 
 
 
generation 1 

initial population:
[ 0.00000000e+00  0.00000000e+00  0.00000000e+00  2.82907723e-11
 -6.26397580e-11 -1.27916034e-15  3.33067250e-16  1.27556977e-05
 -8.70867289e-07 -4.99642916e-09  3.53803994e-10]
[ 0.00000000e+00 -1.07051010e-12 -1.17294628e-13  1.65726222e-11
 -1.08236306e-10 -1.27912599e-15  4.34231377e-16  0.00000000e+00
 -1.27766352e-06 -1.13125023e-08  7.72376326e-10]
[ 0.00000000e+00 -1.07032540e-12 -1.17294628e-13  1.65675272e-11
 -1.08235871e-10 -1.27912599e-15  4.34231377e-16  0.00000000e+00
 -1.27766352e-06 -1.13125023e-08  7.72376326e-10]
[ 0.00000000e+00 -5.66331287e-13 -7.68633897e-14  3.66895071e-11
 -9.87378840e-11 -1.27888401e-15  4.34186552e-16  0.00000000e+00
 -1.27766352e-06 -1.13125023e-08  7.72376326e-10]
[ 0.00000000e+00  0.00000000e+00  0.00000000e+00  2.82907723e-11
 -6.26291394e-11 -1.27901279e-15  4.34211613e-16  0.00000000e+00
 -1.27772413e-06 -1.13120695e-08  7.72407341e-10]
[ 0.00000000e+00 -1.07032540e-12 -1.17292431e-13  1.65723172e-11
 -1.08235871e-10 -1.27912599e-15  4.34231377e-16  0.00000000e+00
 -1.27773599e-06 -1.13110129e-08  7.72481158e-10]
[ 0.00000000e+00 -5.66331287e-13 -7.68718388e-14  3.66957396e-11
 -9.87378840e-11 -1.27879651e-15  4.34231377e-16  0.00000000e+00
 -1.27773283e-06 -1.13132531e-08  7.72457077e-10]
[ 0.00000000e+00  0.00000000e+00  0.00000000e+00  2.82938546e-11
 -6.26453548e-11 -1.27879651e-15  4.34231377e-16  0.00000000e+00
 -1.27773283e-06 -1.13132531e-08  7.72457077e-10]
[ 0.00000000e+00  0.00000000e+00  0.00000000e+00  2.82875471e-11
 -6.26397580e-11 -1.27926419e-15  4.34231377e-16  0.00000000e+00
 -1.27765781e-06 -1.13120695e-08  7.72523394e-10]
[ 0.00000000e+00 -9.81413292e-13  0.00000000e+00  2.49084458e-11
 -9.87276789e-11 -1.27899384e-15  4.34231377e-16  0.00000000e+00
 -1.27737552e-06 -1.13125023e-08  7.72445002e-10]

parents after selection:
parent1 and its probability : [ 0.00000000e+00 -1.07051010e-12 -1.17294628e-13  1.65726222e-11
 -1.08236306e-10 -1.27912599e-15  4.34231377e-16  0.00000000e+00
 -1.27766352e-06 -1.13125023e-08  7.72376326e-10]0.09840563634707315
parent2 and its probability:  [ 0.00000000e+00 -1.07032540e-12 -1.17292431e-13  1.65723172e-11
 -1.08235871e-10 -1.27912599e-15  4.34231377e-16  0.00000000e+00
 -1.27773599e-06 -1.13110129e-08  7.72481158e-10]0.09806193823754543
parents after selection:
parent1 and its probability : [ 0.00000000e+00  0.00000000e+00  0.00000000e+00  2.82938546e-11
 -6.26453548e-11 -1.27879651e-15  4.34231377e-16  0.00000000e+00
 -1.27773283e-06 -1.13132531e-08  7.72457077e-10]0.09825600886037422
parent2 and its probability:  [ 0.00000000e+00  0.00000000e+00  0.00000000e+00  2.82907723e-11
 -6.26397580e-11 -1.27916034e-15  3.33067250e-16  1.27556977e-05
 -8.70867289e-07 -4.99642916e-09  3.53803994e-10]0.11624903601246069
parents after selection:
parent1 and its probability : [ 0.00000000e+00  0.00000000e+00  0.00000000e+00  2.82875471e-11
 -6.26397580e-11 -1.27926419e-15  4.34231377e-16  0.00000000e+00
 -1.27765781e-06 -1.13120695e-08  7.72523394e-10]0.09787959824556386
parent2 and its probability:  [ 0.00000000e+00 -1.07032540e-12 -1.17292431e-13  1.65723172e-11
 -1.08235871e-10 -1.27912599e-15  4.34231377e-16  0.00000000e+00
 -1.27773599e-06 -1.13110129e-08  7.72481158e-10]0.09806193823754543
parents after selection:
parent1 and its probability : [ 0.00000000e+00  0.00000000e+00  0.00000000e+00  2.82907723e-11
 -6.26397580e-11 -1.27916034e-15  3.33067250e-16  1.27556977e-05
 -8.70867289e-07 -4.99642916e-09  3.53803994e-10]0.11624903601246069
parent2 and its probability:  [ 0.00000000e+00 -1.07051010e-12 -1.17294628e-13  1.65726222e-11
 -1.08236306e-10 -1.27912599e-15  4.34231377e-16  0.00000000e+00
 -1.27766352e-06 -1.13125023e-08  7.72376326e-10]0.09840563634707315
parents after selection:
parent1 and its probability : [ 0.00000000e+00 -5.66331287e-13 -7.68633897e-14  3.66895071e-11
 -9.87378840e-11 -1.27888401e-15  4.34186552e-16  0.00000000e+00
 -1.27766352e-06 -1.13125023e-08  7.72376326e-10]0.09838905558754875
parent2 and its probability:  [ 0.00000000e+00 -5.66331287e-13 -7.68718388e-14  3.66957396e-11
 -9.87378840e-11 -1.27879651e-15  4.34231377e-16  0.00000000e+00
 -1.27773283e-06 -1.13132531e-08  7.72457077e-10]0.09825600887040734
parents after selection:
parent1 and its probability : [ 0.00000000e+00 -1.07032540e-12 -1.17292431e-13  1.65723172e-11
 -1.08235871e-10 -1.27912599e-15  4.34231377e-16  0.00000000e+00
 -1.27773599e-06 -1.13110129e-08  7.72481158e-10]0.09806193823754543
parent2 and its probability:  [ 0.00000000e+00  0.00000000e+00  0.00000000e+00  2.82907723e-11
 -6.26291394e-11 -1.27901279e-15  4.34211613e-16  0.00000000e+00
 -1.27772413e-06 -1.13120695e-08  7.72407341e-10]0.09835381864754435
parents after selection:
parent1 and its probability : [ 0.00000000e+00 -1.07051010e-12 -1.17294628e-13  1.65726222e-11
 -1.08236306e-10 -1.27912599e-15  4.34231377e-16  0.00000000e+00
 -1.27766352e-06 -1.13125023e-08  7.72376326e-10]0.09840563634707315
parent2 and its probability:  [ 0.00000000e+00  0.00000000e+00  0.00000000e+00  2.82907723e-11
 -6.26397580e-11 -1.27916034e-15  3.33067250e-16  1.27556977e-05
 -8.70867289e-07 -4.99642916e-09  3.53803994e-10]0.11624903601246069
parents after selection:
parent1 and its probability : [ 0.00000000e+00 -5.66331287e-13 -7.68633897e-14  3.66895071e-11
 -9.87378840e-11 -1.27888401e-15  4.34186552e-16  0.00000000e+00
 -1.27766352e-06 -1.13125023e-08  7.72376326e-10]0.09838905558754875
parent2 and its probability:  [ 0.00000000e+00  0.00000000e+00  0.00000000e+00  2.82907723e-11
 -6.26291394e-11 -1.27901279e-15  4.34211613e-16  0.00000000e+00
 -1.27772413e-06 -1.13120695e-08  7.72407341e-10]0.09835381864754435
parents after selection:
parent1 and its probability : [ 0.00000000e+00 -5.66331287e-13 -7.68718388e-14  3.66957396e-11
 -9.87378840e-11 -1.27879651e-15  4.34231377e-16  0.00000000e+00
 -1.27773283e-06 -1.13132531e-08  7.72457077e-10]0.09825600887040734
parent2 and its probability:  [ 0.00000000e+00  0.00000000e+00  0.00000000e+00  2.82907723e-11
 -6.26397580e-11 -1.27916034e-15  3.33067250e-16  1.27556977e-05
 -8.70867289e-07 -4.99642916e-09  3.53803994e-10]0.11624903601246069
parents after selection:
parent1 and its probability : [ 0.00000000e+00  0.00000000e+00  0.00000000e+00  2.82907723e-11
 -6.26291394e-11 -1.27901279e-15  4.34211613e-16  0.00000000e+00
 -1.27772413e-06 -1.13120695e-08  7.72407341e-10]0.09835381864754435
parent2 and its probability:  [ 0.00000000e+00  0.00000000e+00  0.00000000e+00  2.82907723e-11
 -6.26397580e-11 -1.27916034e-15  3.33067250e-16  1.27556977e-05
 -8.70867289e-07 -4.99642916e-09  3.53803994e-10]0.11624903601246069
population after corssover:
[ 0.00000000e+00 -1.07051010e-12 -1.17294628e-13  1.65726222e-11
 -1.08236306e-10 -1.27912599e-15  4.34231377e-16  0.00000000e+00
 -1.27773599e-06 -1.13110129e-08  7.72481158e-10]
[ 0.00000000e+00  0.00000000e+00  0.00000000e+00  2.82907723e-11
 -6.26397580e-11 -1.27916034e-15  3.33067250e-16  1.27556977e-05
 -8.70867289e-07 -4.99642916e-09  3.53803994e-10]
[ 0.00000000e+00  0.00000000e+00  0.00000000e+00  2.82875471e-11
 -6.26397580e-11 -1.27912599e-15  4.34231377e-16  0.00000000e+00
 -1.27773599e-06 -1.13110129e-08  7.72481158e-10]
[ 0.00000000e+00  0.00000000e+00  0.00000000e+00  2.82907723e-11
 -6.26397580e-11 -1.27916034e-15  3.33067250e-16  0.00000000e+00
 -1.27766352e-06 -1.13125023e-08  7.72376326e-10]
[ 0.00000000e+00 -5.66331287e-13 -7.68633897e-14  3.66895071e-11
 -9.87378840e-11 -1.27888401e-15  4.34186552e-16  0.00000000e+00
 -1.27766352e-06 -1.13132531e-08  7.72457077e-10]
[ 0.00000000e+00 -1.07032540e-12 -1.17292431e-13  2.82907723e-11
 -6.26291394e-11 -1.27901279e-15  4.34211613e-16  0.00000000e+00
 -1.27772413e-06 -1.13120695e-08  7.72407341e-10]
[ 0.00000000e+00 -1.07051010e-12 -1.17294628e-13  1.65726222e-11
 -1.08236306e-10 -1.27912599e-15  4.34231377e-16  0.00000000e+00
 -1.27766352e-06 -4.99642916e-09  3.53803994e-10]
[ 0.00000000e+00 -5.66331287e-13 -7.68633897e-14  3.66895071e-11
 -9.87378840e-11 -1.27901279e-15  4.34211613e-16  0.00000000e+00
 -1.27772413e-06 -1.13120695e-08  7.72407341e-10]
[ 0.00000000e+00 -5.66331287e-13 -7.68718388e-14  3.66957396e-11
 -9.87378840e-11 -1.27879651e-15  4.34231377e-16  0.00000000e+00
 -1.27773283e-06 -1.13132531e-08  3.53803994e-10]
[ 0.00000000e+00  0.00000000e+00  0.00000000e+00  2.82907723e-11
 -6.26397580e-11 -1.27916034e-15  3.33067250e-16  1.27556977e-05
 -8.70867289e-07 -4.99642916e-09  3.53803994e-10]

population after mutation:
[ 0.00000000e+00 -1.07051010e-12 -1.17294628e-13  1.65726222e-11
 -1.08236306e-10 -1.27912599e-15  4.34231377e-16  0.00000000e+00
 -1.27773599e-06 -1.13110129e-08  7.72481158e-10]
[ 0.00000000e+00  0.00000000e+00  0.00000000e+00  2.82907723e-11
 -6.26397580e-11 -1.27916034e-15  3.33067250e-16  1.27556977e-05
 -8.70867289e-07 -4.99642916e-09  3.53803994e-10]
[ 0.00000000e+00  0.00000000e+00  0.00000000e+00  2.82875471e-11
 -6.26397580e-11 -1.27912599e-15  4.34316429e-16  0.00000000e+00
 -1.27773837e-06 -1.13110129e-08  7.72624959e-10]
[ 0.00000000e+00  0.00000000e+00  0.00000000e+00  2.82907723e-11
 -6.26397580e-11 -1.27916034e-15  3.33067250e-16  0.00000000e+00
 -1.27766352e-06 -1.13125023e-08  7.72376326e-10]
[ 0.00000000e+00 -5.66331287e-13 -7.68633897e-14  3.66895071e-11
 -9.87378840e-11 -1.27884030e-15  4.34186552e-16  0.00000000e+00
 -1.27766352e-06 -1.13132531e-08  7.72457077e-10]
[ 0.00000000e+00 -1.07032540e-12 -1.17292431e-13  2.82907723e-11
 -6.26291394e-11 -1.27901279e-15  4.34211613e-16  0.00000000e+00
 -1.27772413e-06 -1.13120695e-08  7.72394986e-10]
[ 0.00000000e+00 -1.07051010e-12 -1.17294628e-13  1.65726222e-11
 -1.08236306e-10 -1.27893952e-15  4.34231377e-16  0.00000000e+00
 -1.27785426e-06 -4.99642916e-09  3.53803994e-10]
[ 0.00000000e+00 -5.66331287e-13 -7.68633897e-14  3.66895071e-11
 -9.87378840e-11 -1.27897341e-15  4.34211613e-16  0.00000000e+00
 -1.27772413e-06 -1.13120695e-08  7.72421768e-10]
[ 0.00000000e+00 -5.66331287e-13 -7.68685819e-14  3.66957396e-11
 -9.87378840e-11 -1.27863898e-15  4.34231377e-16  0.00000000e+00
 -1.27773283e-06 -1.13132531e-08  3.53803994e-10]
[ 0.00000000e+00  0.00000000e+00  0.00000000e+00  2.82907723e-11
 -6.26397580e-11 -1.27916147e-15  3.33067250e-16  1.27556977e-05
 -8.70867289e-07 -4.99642916e-09  3.53803994e-10]


 
 
 
generation 1 

initial population:
[ 0.00000000e+00  0.00000000e+00  0.00000000e+00  2.82907723e-11
 -6.26397580e-11 -1.27903628e-15  3.33067250e-16  1.27573773e-05
 -8.70867289e-07 -4.99642916e-09  3.53803994e-10]
[ 0.00000000e+00  0.00000000e+00  0.00000000e+00  2.82907723e-11
 -6.26397580e-11 -1.27916034e-15  3.33060715e-16  1.27537988e-05
 -8.70867289e-07 -4.99642916e-09  3.53803994e-10]
[ 0.00000000e+00  0.00000000e+00  0.00000000e+00  2.82907723e-11
 -6.26365169e-11 -1.27916034e-15  3.33067250e-16  1.27555841e-05
 -8.70867289e-07 -4.99642916e-09  3.53803994e-10]
[ 0.00000000e+00  0.00000000e+00  0.00000000e+00  2.82907723e-11
 -6.26397580e-11 -1.27929796e-15  3.33067250e-16  0.00000000e+00
 -1.27750893e-06 -1.13125023e-08  7.72376326e-10]
[ 0.00000000e+00 -1.07051010e-12 -1.17294628e-13  1.65706879e-11
 -1.08236306e-10 -1.27912599e-15  4.34231377e-16  0.00000000e+00
 -1.27766352e-06 -1.13125023e-08  7.72376326e-10]
[ 0.00000000e+00 -1.07017407e-12 -1.17303549e-13  1.65675272e-11
 -1.08256071e-10 -1.27912599e-15  4.34231377e-16  0.00000000e+00
 -1.27762191e-06 -1.13125023e-08  7.72249592e-10]
[ 0.00000000e+00 -1.07032540e-12 -1.17292431e-13  2.82907723e-11
 -6.26291394e-11 -1.27901279e-15  4.34211613e-16  0.00000000e+00
 -1.27772413e-06 -1.13120695e-08  7.72394986e-10]
[ 0.00000000e+00 -5.66369472e-13 -7.68633897e-14  3.66895071e-11
 -9.87378840e-11 -1.27892672e-15  4.34186552e-16  0.00000000e+00
 -1.27766352e-06 -1.13125023e-08  7.72376326e-10]
[ 0.00000000e+00  0.00000000e+00  0.00000000e+00  2.82907723e-11
 -6.26291394e-11 -1.27901279e-15  4.34211613e-16  0.00000000e+00
 -1.27772413e-06 -1.13120695e-08  7.72407341e-10]
[ 0.00000000e+00 -5.66331287e-13 -7.68633897e-14  3.66895071e-11
 -9.87378840e-11 -1.27897341e-15  4.34211613e-16  0.00000000e+00
 -1.27772413e-06 -1.13120695e-08  7.72421768e-10]

parents after selection:
parent1 and its probability : [ 0.00000000e+00  0.00000000e+00  0.00000000e+00  2.82907723e-11
 -6.26397580e-11 -1.27929796e-15  3.33067250e-16  0.00000000e+00
 -1.27750893e-06 -1.13125023e-08  7.72376326e-10]0.09463576815302642
parent2 and its probability:  [ 0.00000000e+00  0.00000000e+00  0.00000000e+00  2.82907723e-11
 -6.26397580e-11 -1.27929796e-15  3.33067250e-16  0.00000000e+00
 -1.27750893e-06 -1.13125023e-08  7.72376326e-10]0.09463576815302642
parents after selection:
parent1 and its probability : [ 0.00000000e+00  0.00000000e+00  0.00000000e+00  2.82907723e-11
 -6.26365169e-11 -1.27916034e-15  3.33067250e-16  1.27555841e-05
 -8.70867289e-07 -4.99642916e-09  3.53803994e-10]0.11204409507248102
parent2 and its probability:  [ 0.00000000e+00 -5.66331287e-13 -7.68633897e-14  3.66895071e-11
 -9.87378840e-11 -1.27897341e-15  4.34211613e-16  0.00000000e+00
 -1.27772413e-06 -1.13120695e-08  7.72421768e-10]0.09474200850062994
parents after selection:
parent1 and its probability : [ 0.00000000e+00 -5.66331287e-13 -7.68633897e-14  3.66895071e-11
 -9.87378840e-11 -1.27897341e-15  4.34211613e-16  0.00000000e+00
 -1.27772413e-06 -1.13120695e-08  7.72421768e-10]0.09474200850062994
parent2 and its probability:  [ 0.00000000e+00 -5.66331287e-13 -7.68633897e-14  3.66895071e-11
 -9.87378840e-11 -1.27897341e-15  4.34211613e-16  0.00000000e+00
 -1.27772413e-06 -1.13120695e-08  7.72421768e-10]0.09474200850062994
parents after selection:
parent1 and its probability : [ 0.00000000e+00 -1.07051010e-12 -1.17294628e-13  1.65706879e-11
 -1.08236306e-10 -1.27912599e-15  4.34231377e-16  0.00000000e+00
 -1.27766352e-06 -1.13125023e-08  7.72376326e-10]0.0948419000673416
parent2 and its probability:  [ 0.00000000e+00 -5.66369472e-13 -7.68633897e-14  3.66895071e-11
 -9.87378840e-11 -1.27892672e-15  4.34186552e-16  0.00000000e+00
 -1.27766352e-06 -1.13125023e-08  7.72376326e-10]0.09482874061391135
parents after selection:
parent1 and its probability : [ 0.00000000e+00  0.00000000e+00  0.00000000e+00  2.82907723e-11
 -6.26397580e-11 -1.27916034e-15  3.33060715e-16  1.27537988e-05
 -8.70867289e-07 -4.99642916e-09  3.53803994e-10]0.11212249943291683
parent2 and its probability:  [ 0.00000000e+00  0.00000000e+00  0.00000000e+00  2.82907723e-11
 -6.26291394e-11 -1.27901279e-15  4.34211613e-16  0.00000000e+00
 -1.27772413e-06 -1.13120695e-08  7.72407341e-10]0.09479195893324743
parents after selection:
parent1 and its probability : [ 0.00000000e+00 -1.07017407e-12 -1.17303549e-13  1.65675272e-11
 -1.08256071e-10 -1.27912599e-15  4.34231377e-16  0.00000000e+00
 -1.27762191e-06 -1.13125023e-08  7.72249592e-10]0.09519984422069423
parent2 and its probability:  [ 0.00000000e+00  0.00000000e+00  0.00000000e+00  2.82907723e-11
 -6.26291394e-11 -1.27901279e-15  4.34211613e-16  0.00000000e+00
 -1.27772413e-06 -1.13120695e-08  7.72407341e-10]0.09479195893324743
parents after selection:
parent1 and its probability : [ 0.00000000e+00 -1.07051010e-12 -1.17294628e-13  1.65706879e-11
 -1.08236306e-10 -1.27912599e-15  4.34231377e-16  0.00000000e+00
 -1.27766352e-06 -1.13125023e-08  7.72376326e-10]0.0948419000673416
parent2 and its probability:  [ 0.00000000e+00  0.00000000e+00  0.00000000e+00  2.82907723e-11
 -6.26397580e-11 -1.27903628e-15  3.33067250e-16  1.27573773e-05
 -8.70867289e-07 -4.99642916e-09  3.53803994e-10]0.11196066478160853
parents after selection:
parent1 and its probability : [ 0.00000000e+00  0.00000000e+00  0.00000000e+00  2.82907723e-11
 -6.26291394e-11 -1.27901279e-15  4.34211613e-16  0.00000000e+00
 -1.27772413e-06 -1.13120695e-08  7.72407341e-10]0.09479195893324743
parent2 and its probability:  [ 0.00000000e+00 -1.07032540e-12 -1.17292431e-13  2.82907723e-11
 -6.26291394e-11 -1.27901279e-15  4.34211613e-16  0.00000000e+00
 -1.27772413e-06 -1.13120695e-08  7.72394986e-10]0.09483252022414274
parents after selection:
parent1 and its probability : [ 0.00000000e+00  0.00000000e+00  0.00000000e+00  2.82907723e-11
 -6.26397580e-11 -1.27929796e-15  3.33067250e-16  0.00000000e+00
 -1.27750893e-06 -1.13125023e-08  7.72376326e-10]0.09463576815302642
parent2 and its probability:  [ 0.00000000e+00  0.00000000e+00  0.00000000e+00  2.82907723e-11
 -6.26365169e-11 -1.27916034e-15  3.33067250e-16  1.27555841e-05
 -8.70867289e-07 -4.99642916e-09  3.53803994e-10]0.11204409507248102
parents after selection:
parent1 and its probability : [ 0.00000000e+00 -1.07032540e-12 -1.17292431e-13  2.82907723e-11
 -6.26291394e-11 -1.27901279e-15  4.34211613e-16  0.00000000e+00
 -1.27772413e-06 -1.13120695e-08  7.72394986e-10]0.09483252022414274
parent2 and its probability:  [ 0.00000000e+00  0.00000000e+00  0.00000000e+00  2.82907723e-11
 -6.26365169e-11 -1.27916034e-15  3.33067250e-16  1.27555841e-05
 -8.70867289e-07 -4.99642916e-09  3.53803994e-10]0.11204409507248102
population after corssover:
[ 0.00000000e+00  0.00000000e+00  0.00000000e+00  2.82907723e-11
 -6.26397580e-11 -1.27929796e-15  3.33067250e-16  0.00000000e+00
 -1.27750893e-06 -1.13125023e-08  7.72376326e-10]
[ 0.00000000e+00  0.00000000e+00  0.00000000e+00  2.82907723e-11
 -6.26365169e-11 -1.27916034e-15  3.33067250e-16  0.00000000e+00
 -1.27772413e-06 -1.13120695e-08  7.72421768e-10]
[ 0.00000000e+00 -5.66331287e-13 -7.68633897e-14  3.66895071e-11
 -9.87378840e-11 -1.27897341e-15  4.34211613e-16  0.00000000e+00
 -1.27772413e-06 -1.13120695e-08  7.72421768e-10]
[ 0.00000000e+00 -1.07051010e-12 -1.17294628e-13  1.65706879e-11
 -1.08236306e-10 -1.27912599e-15  4.34231377e-16  0.00000000e+00
 -1.27766352e-06 -1.13125023e-08  7.72376326e-10]
[ 0.00000000e+00  0.00000000e+00  0.00000000e+00  2.82907723e-11
 -6.26291394e-11 -1.27901279e-15  4.34211613e-16  0.00000000e+00
 -1.27772413e-06 -1.13120695e-08  7.72407341e-10]
[ 0.00000000e+00 -1.07017407e-12 -1.17303549e-13  1.65675272e-11
 -1.08256071e-10 -1.27912599e-15  4.34211613e-16  0.00000000e+00
 -1.27772413e-06 -1.13120695e-08  7.72407341e-10]
[ 0.00000000e+00 -1.07051010e-12 -1.17294628e-13  2.82907723e-11
 -6.26397580e-11 -1.27903628e-15  3.33067250e-16  1.27573773e-05
 -8.70867289e-07 -4.99642916e-09  3.53803994e-10]
[ 0.00000000e+00  0.00000000e+00  0.00000000e+00  2.82907723e-11
 -6.26291394e-11 -1.27901279e-15  4.34211613e-16  0.00000000e+00
 -1.27772413e-06 -1.13120695e-08  7.72394986e-10]
[ 0.00000000e+00  0.00000000e+00  0.00000000e+00  2.82907723e-11
 -6.26397580e-11 -1.27929796e-15  3.33067250e-16  0.00000000e+00
 -1.27750893e-06 -4.99642916e-09  3.53803994e-10]
[ 0.00000000e+00 -1.07032540e-12 -1.17292431e-13  2.82907723e-11
 -6.26291394e-11 -1.27901279e-15  4.34211613e-16  0.00000000e+00
 -1.27772413e-06 -4.99642916e-09  3.53803994e-10]

population after mutation:
[ 0.00000000e+00  0.00000000e+00  0.00000000e+00  2.82907723e-11
 -6.26397580e-11 -1.27929796e-15  3.33067250e-16  0.00000000e+00
 -1.27774029e-06 -1.13125023e-08  7.72376326e-10]
[ 0.00000000e+00  0.00000000e+00  0.00000000e+00  2.82907723e-11
 -6.26365169e-11 -1.27916034e-15  3.33067250e-16  0.00000000e+00
 -1.27772413e-06 -1.13120695e-08  7.72421768e-10]
[ 0.00000000e+00 -5.66331287e-13 -7.68633897e-14  3.66895071e-11
 -9.87378840e-11 -1.27908985e-15  4.34211613e-16  0.00000000e+00
 -1.27772413e-06 -1.13120695e-08  7.72421768e-10]
[ 0.00000000e+00 -1.07055778e-12 -1.17294628e-13  1.65718875e-11
 -1.08225471e-10 -1.27912599e-15  4.34231377e-16  0.00000000e+00
 -1.27766352e-06 -1.13125023e-08  7.72376326e-10]
[ 0.00000000e+00  0.00000000e+00  0.00000000e+00  2.82907723e-11
 -6.26291394e-11 -1.27901279e-15  4.34211613e-16  0.00000000e+00
 -1.27772413e-06 -1.13120695e-08  7.72347087e-10]
[ 0.00000000e+00 -1.07017407e-12 -1.17303549e-13  1.65675272e-11
 -1.08256071e-10 -1.27912599e-15  4.34211613e-16  0.00000000e+00
 -1.27772413e-06 -1.13120695e-08  7.72407341e-10]
[ 0.00000000e+00 -1.07040828e-12 -1.17294628e-13  2.82907723e-11
 -6.26397580e-11 -1.27898551e-15  3.33067250e-16  1.27573773e-05
 -8.71004898e-07 -4.99642916e-09  3.53803994e-10]
[ 0.00000000e+00  0.00000000e+00  0.00000000e+00  2.82916362e-11
 -6.26291394e-11 -1.27901279e-15  4.34211613e-16  0.00000000e+00
 -1.27772413e-06 -1.13120695e-08  7.72394986e-10]
[ 0.00000000e+00  0.00000000e+00  0.00000000e+00  2.82907723e-11
 -6.26397580e-11 -1.27929796e-15  3.33067250e-16  0.00000000e+00
 -1.27750893e-06 -4.99718938e-09  3.53803994e-10]
[ 0.00000000e+00 -1.07032540e-12 -1.17273830e-13  2.82916055e-11
 -6.26291394e-11 -1.27888639e-15  4.34211613e-16  0.00000000e+00
 -1.27772413e-06 -4.99640146e-09  3.53803994e-10]


 
 
 
generation 1 

initial population:
[ 0.00000000e+00 -1.07040828e-12 -1.17294628e-13  2.82907723e-11
 -6.26397580e-11 -1.27898551e-15  3.33067250e-16  1.27585604e-05
 -8.71048928e-07 -4.99642916e-09  3.53803994e-10]
[ 0.00000000e+00  0.00000000e+00  0.00000000e+00  2.82862522e-11
 -6.26397580e-11 -1.27916034e-15  3.33073925e-16  1.27532641e-05
 -8.70993668e-07 -4.99710095e-09  3.53803994e-10]
[ 0.00000000e+00  0.00000000e+00  0.00000000e+00  2.82907723e-11
 -6.26365169e-11 -1.27928721e-15  3.33041714e-16  1.27555841e-05
 -8.70867289e-07 -4.99642916e-09  3.53803994e-10]
[ 0.00000000e+00  0.00000000e+00  0.00000000e+00  2.82907723e-11
 -6.26489580e-11 -1.27903628e-15  3.33067250e-16  1.27573773e-05
 -8.71033036e-07 -4.99642916e-09  3.53853192e-10]
[ 0.00000000e+00 -1.07017407e-12 -1.17301940e-13  1.65675272e-11
 -1.08256071e-10 -1.27912599e-15  4.34231377e-16  0.00000000e+00
 -1.27764844e-06 -1.13125023e-08  7.72249592e-10]
[ 0.00000000e+00  0.00000000e+00  0.00000000e+00  2.82884916e-11
 -6.26291394e-11 -1.27924272e-15  4.34211613e-16  0.00000000e+00
 -1.27772413e-06 -1.13120695e-08  7.72372970e-10]
[ 0.00000000e+00  0.00000000e+00  0.00000000e+00  2.82907723e-11
 -6.26397580e-11 -1.27929796e-15  3.33067250e-16  0.00000000e+00
 -1.27774029e-06 -1.13125023e-08  7.72376326e-10]
[ 0.00000000e+00 -1.07046353e-12 -1.17294628e-13  1.65706879e-11
 -1.08236306e-10 -1.27912599e-15  4.34231377e-16  0.00000000e+00
 -1.27766352e-06 -1.13125023e-08  7.72376326e-10]
[ 0.00000000e+00 -1.07045112e-12 -1.17311672e-13  1.65747360e-11
 -1.08225471e-10 -1.27912599e-15  4.34231377e-16  0.00000000e+00
 -1.27769117e-06 -1.13125023e-08  7.72376326e-10]
[ 0.00000000e+00 -1.07032540e-12 -1.17292431e-13  2.82912580e-11
 -6.26291394e-11 -1.27901279e-15  4.34142381e-16  0.00000000e+00
 -1.27772413e-06 -1.13120695e-08  7.72430289e-10]

parents after selection:
parent1 and its probability : [ 0.00000000e+00 -1.07046353e-12 -1.17294628e-13  1.65706879e-11
 -1.08236306e-10 -1.27912599e-15  4.34231377e-16  0.00000000e+00
 -1.27766352e-06 -1.13125023e-08  7.72376326e-10]0.09312355743453712
parent2 and its probability:  [ 0.00000000e+00  0.00000000e+00  0.00000000e+00  2.82907723e-11
 -6.26489580e-11 -1.27903628e-15  3.33067250e-16  1.27573773e-05
 -8.71033036e-07 -4.99642916e-09  3.53853192e-10]0.1100552644273453
parents after selection:
parent1 and its probability : [ 0.00000000e+00  0.00000000e+00  0.00000000e+00  2.82907723e-11
 -6.26397580e-11 -1.27929796e-15  3.33067250e-16  0.00000000e+00
 -1.27774029e-06 -1.13125023e-08  7.72376326e-10]0.09324086951725305
parent2 and its probability:  [ 0.00000000e+00 -1.07046353e-12 -1.17294628e-13  1.65706879e-11
 -1.08236306e-10 -1.27912599e-15  4.34231377e-16  0.00000000e+00
 -1.27766352e-06 -1.13125023e-08  7.72376326e-10]0.09312355743453712
parents after selection:
parent1 and its probability : [ 0.00000000e+00 -1.07040828e-12 -1.17294628e-13  2.82907723e-11
 -6.26397580e-11 -1.27898551e-15  3.33067250e-16  1.27585604e-05
 -8.71048928e-07 -4.99642916e-09  3.53803994e-10]0.11025126409057508
parent2 and its probability:  [ 0.00000000e+00  0.00000000e+00  0.00000000e+00  2.82907723e-11
 -6.26365169e-11 -1.27928721e-15  3.33041714e-16  1.27555841e-05
 -8.70867289e-07 -4.99642916e-09  3.53803994e-10]0.11001882876426274
parents after selection:
parent1 and its probability : [ 0.00000000e+00  0.00000000e+00  0.00000000e+00  2.82862522e-11
 -6.26397580e-11 -1.27916034e-15  3.33073925e-16  1.27532641e-05
 -8.70993668e-07 -4.99710095e-09  3.53803994e-10]0.11043581494459732
parent2 and its probability:  [ 0.00000000e+00 -1.07032540e-12 -1.17292431e-13  2.82912580e-11
 -6.26291394e-11 -1.27901279e-15  4.34142381e-16  0.00000000e+00
 -1.27772413e-06 -1.13120695e-08  7.72430289e-10]0.0930005725201958
parents after selection:
parent1 and its probability : [ 0.00000000e+00  0.00000000e+00  0.00000000e+00  2.82884916e-11
 -6.26291394e-11 -1.27924272e-15  4.34211613e-16  0.00000000e+00
 -1.27772413e-06 -1.13120695e-08  7.72372970e-10]0.09320025936106467
parent2 and its probability:  [ 0.00000000e+00 -1.07040828e-12 -1.17294628e-13  2.82907723e-11
 -6.26397580e-11 -1.27898551e-15  3.33067250e-16  1.27585604e-05
 -8.71048928e-07 -4.99642916e-09  3.53803994e-10]0.11025126409057508
parents after selection:
parent1 and its probability : [ 0.00000000e+00  0.00000000e+00  0.00000000e+00  2.82884916e-11
 -6.26291394e-11 -1.27924272e-15  4.34211613e-16  0.00000000e+00
 -1.27772413e-06 -1.13120695e-08  7.72372970e-10]0.09320025936106467
parent2 and its probability:  [ 0.00000000e+00 -1.07017407e-12 -1.17301940e-13  1.65675272e-11
 -1.08256071e-10 -1.27912599e-15  4.34231377e-16  0.00000000e+00
 -1.27764844e-06 -1.13125023e-08  7.72249592e-10]0.09351177583708753
parents after selection:
parent1 and its probability : [ 0.00000000e+00  0.00000000e+00  0.00000000e+00  2.82907723e-11
 -6.26365169e-11 -1.27928721e-15  3.33041714e-16  1.27555841e-05
 -8.70867289e-07 -4.99642916e-09  3.53803994e-10]0.11001882876426274
parent2 and its probability:  [ 0.00000000e+00 -1.07040828e-12 -1.17294628e-13  2.82907723e-11
 -6.26397580e-11 -1.27898551e-15  3.33067250e-16  1.27585604e-05
 -8.71048928e-07 -4.99642916e-09  3.53803994e-10]0.11025126409057508
parents after selection:
parent1 and its probability : [ 0.00000000e+00  0.00000000e+00  0.00000000e+00  2.82907723e-11
 -6.26365169e-11 -1.27928721e-15  3.33041714e-16  1.27555841e-05
 -8.70867289e-07 -4.99642916e-09  3.53803994e-10]0.11001882876426274
parent2 and its probability:  [ 0.00000000e+00  0.00000000e+00  0.00000000e+00  2.82907723e-11
 -6.26489580e-11 -1.27903628e-15  3.33067250e-16  1.27573773e-05
 -8.71033036e-07 -4.99642916e-09  3.53853192e-10]0.1100552644273453
parents after selection:
parent1 and its probability : [ 0.00000000e+00 -1.07045112e-12 -1.17311672e-13  1.65747360e-11
 -1.08225471e-10 -1.27912599e-15  4.34231377e-16  0.00000000e+00
 -1.27769117e-06 -1.13125023e-08  7.72376326e-10]0.09316179310308141
parent2 and its probability:  [ 0.00000000e+00  0.00000000e+00  0.00000000e+00  2.82907723e-11
 -6.26397580e-11 -1.27929796e-15  3.33067250e-16  0.00000000e+00
 -1.27774029e-06 -1.13125023e-08  7.72376326e-10]0.09324086951725305
parents after selection:
parent1 and its probability : [ 0.00000000e+00 -1.07045112e-12 -1.17311672e-13  1.65747360e-11
 -1.08225471e-10 -1.27912599e-15  4.34231377e-16  0.00000000e+00
 -1.27769117e-06 -1.13125023e-08  7.72376326e-10]0.09316179310308141
parent2 and its probability:  [ 0.00000000e+00 -1.07040828e-12 -1.17294628e-13  2.82907723e-11
 -6.26397580e-11 -1.27898551e-15  3.33067250e-16  1.27585604e-05
 -8.71048928e-07 -4.99642916e-09  3.53803994e-10]0.11025126409057508
population after corssover:
[ 0.00000000e+00 -1.07046353e-12 -1.17294628e-13  1.65706879e-11
 -1.08236306e-10 -1.27912599e-15  4.34231377e-16  1.27573773e-05
 -8.71033036e-07 -4.99642916e-09  3.53853192e-10]
[ 0.00000000e+00  0.00000000e+00  0.00000000e+00  2.82907723e-11
 -6.26397580e-11 -1.27929796e-15  3.33067250e-16  0.00000000e+00
 -1.27766352e-06 -1.13125023e-08  7.72376326e-10]
[ 0.00000000e+00  0.00000000e+00  0.00000000e+00  2.82907723e-11
 -6.26365169e-11 -1.27928721e-15  3.33041714e-16  1.27555841e-05
 -8.70867289e-07 -4.99642916e-09  3.53803994e-10]
[ 0.00000000e+00  0.00000000e+00  0.00000000e+00  2.82862522e-11
 -6.26291394e-11 -1.27901279e-15  4.34142381e-16  0.00000000e+00
 -1.27772413e-06 -1.13120695e-08  7.72430289e-10]
[ 0.00000000e+00  0.00000000e+00  0.00000000e+00  2.82884916e-11
 -6.26291394e-11 -1.27924272e-15  4.34211613e-16  0.00000000e+00
 -8.71048928e-07 -4.99642916e-09  3.53803994e-10]
[ 0.00000000e+00  0.00000000e+00 -1.17301940e-13  1.65675272e-11
 -1.08256071e-10 -1.27912599e-15  4.34231377e-16  0.00000000e+00
 -1.27764844e-06 -1.13125023e-08  7.72249592e-10]
[ 0.00000000e+00  0.00000000e+00  0.00000000e+00  2.82907723e-11
 -6.26365169e-11 -1.27898551e-15  3.33067250e-16  1.27585604e-05
 -8.71048928e-07 -4.99642916e-09  3.53803994e-10]
[ 0.00000000e+00  0.00000000e+00  0.00000000e+00  2.82907723e-11
 -6.26365169e-11 -1.27928721e-15  3.33041714e-16  1.27573773e-05
 -8.71033036e-07 -4.99642916e-09  3.53853192e-10]
[ 0.00000000e+00 -1.07045112e-12 -1.17311672e-13  1.65747360e-11
 -1.08225471e-10 -1.27929796e-15  3.33067250e-16  0.00000000e+00
 -1.27774029e-06 -1.13125023e-08  7.72376326e-10]
[ 0.00000000e+00 -1.07045112e-12 -1.17311672e-13  1.65747360e-11
 -1.08225471e-10 -1.27912599e-15  4.34231377e-16  0.00000000e+00
 -1.27769117e-06 -1.13125023e-08  3.53803994e-10]

population after mutation:
[ 0.00000000e+00 -1.07046353e-12 -1.17294628e-13  1.65706879e-11
 -1.08236306e-10 -1.27912599e-15  4.34231377e-16  1.27574986e-05
 -8.71033036e-07 -4.99642916e-09  3.53853192e-10]
[ 0.00000000e+00  0.00000000e+00  0.00000000e+00  2.82907723e-11
 -6.26397580e-11 -1.27929796e-15  3.33039307e-16  0.00000000e+00
 -1.27766352e-06 -1.13125023e-08  7.72376326e-10]
[ 0.00000000e+00  0.00000000e+00  0.00000000e+00  2.82907723e-11
 -6.26365169e-11 -1.27928721e-15  3.33041714e-16  1.27561063e-05
 -8.70867289e-07 -4.99642916e-09  3.53803994e-10]
[ 0.00000000e+00  0.00000000e+00  0.00000000e+00  2.82862522e-11
 -6.26291394e-11 -1.27901279e-15  4.34142381e-16  0.00000000e+00
 -1.27764828e-06 -1.13120695e-08  7.72430289e-10]
[ 0.00000000e+00  0.00000000e+00  0.00000000e+00  2.82884916e-11
 -6.26291394e-11 -1.27924272e-15  4.34285708e-16  0.00000000e+00
 -8.71048928e-07 -4.99642916e-09  3.53803994e-10]
[ 0.00000000e+00  0.00000000e+00 -1.17301940e-13  1.65675272e-11
 -1.08256071e-10 -1.27912599e-15  4.34231377e-16  0.00000000e+00
 -1.27764844e-06 -1.13125023e-08  7.72249592e-10]
[ 0.00000000e+00  0.00000000e+00  0.00000000e+00  2.82907723e-11
 -6.26365169e-11 -1.27898551e-15  3.33067250e-16  1.27585604e-05
 -8.71204633e-07 -4.99574938e-09  3.53803662e-10]
[ 0.00000000e+00  0.00000000e+00  0.00000000e+00  2.82949878e-11
 -6.26365169e-11 -1.27952344e-15  3.33039294e-16  1.27573773e-05
 -8.71033036e-07 -4.99642916e-09  3.53853192e-10]
[ 0.00000000e+00 -1.07041630e-12 -1.17311672e-13  1.65747360e-11
 -1.08225471e-10 -1.27927975e-15  3.33040135e-16  0.00000000e+00
 -1.27774029e-06 -1.13125023e-08  7.72290761e-10]
[ 0.00000000e+00 -1.07045112e-12 -1.17311672e-13  1.65747360e-11
 -1.08225471e-10 -1.27920762e-15  4.34231377e-16  0.00000000e+00
 -1.27769117e-06 -1.13143605e-08  3.53803994e-10]


 
 
 
generation 1 

initial population:
[ 0.00000000e+00  0.00000000e+00  0.00000000e+00  2.82907723e-11
 -6.26365169e-11 -1.27898551e-15  3.33067250e-16  1.27585604e-05
 -8.71204633e-07 -4.99574938e-09  3.53803662e-10]
[ 0.00000000e+00  0.00000000e+00  0.00000000e+00  2.82840027e-11
 -6.26332976e-11 -1.27916034e-15  3.33082614e-16  1.27532641e-05
 -8.70993668e-07 -4.99710095e-09  3.53803994e-10]
[ 0.00000000e+00 -1.07050932e-12 -1.17294628e-13  2.82907723e-11
 -6.26397580e-11 -1.27898551e-15  3.33067250e-16  1.27585604e-05
 -8.71048928e-07 -4.99553022e-09  3.53803994e-10]
[ 0.00000000e+00  0.00000000e+00  0.00000000e+00  2.82949878e-11
 -6.26365169e-11 -1.27973447e-15  3.33039294e-16  1.27585351e-05
 -8.71033036e-07 -4.99642916e-09  3.53853192e-10]
[ 0.00000000e+00  0.00000000e+00  0.00000000e+00  2.82865133e-11
 -6.26489580e-11 -1.27888759e-15  3.33098711e-16  1.27573773e-05
 -8.71033036e-07 -4.99642916e-09  3.53822527e-10]
[ 0.00000000e+00 -1.07046353e-12 -1.17294628e-13  1.65683450e-11
 -1.08236306e-10 -1.27912599e-15  4.34231377e-16  1.27594604e-05
 -8.71086846e-07 -4.99642916e-09  3.53853192e-10]
[ 0.00000000e+00  0.00000000e+00  0.00000000e+00  2.82907723e-11
 -6.26479264e-11 -1.27928721e-15  3.33041714e-16  1.27555841e-05
 -8.70867289e-07 -4.99582799e-09  3.53803994e-10]
[ 0.00000000e+00  0.00000000e+00  0.00000000e+00  2.82907723e-11
 -6.26365169e-11 -1.27928721e-15  3.33041714e-16  1.27561063e-05
 -8.70867289e-07 -4.99642916e-09  3.53803994e-10]
[ 0.00000000e+00 -1.07041630e-12 -1.17311672e-13  1.65747360e-11
 -1.08225471e-10 -1.27927975e-15  3.33040135e-16  0.00000000e+00
 -1.27787944e-06 -1.13125023e-08  7.72290761e-10]
[ 0.00000000e+00 -1.07017407e-12 -1.17301940e-13  1.65675272e-11
 -1.08276794e-10 -1.27912599e-15  4.34232491e-16  0.00000000e+00
 -1.27764844e-06 -1.13125023e-08  7.72249592e-10]

parents after selection:
parent1 and its probability : [ 0.00000000e+00  0.00000000e+00  0.00000000e+00  2.82949878e-11
 -6.26365169e-11 -1.27973447e-15  3.33039294e-16  1.27585351e-05
 -8.71033036e-07 -4.99642916e-09  3.53853192e-10]0.1029690412737474
parent2 and its probability:  [ 0.00000000e+00  0.00000000e+00  0.00000000e+00  2.82840027e-11
 -6.26332976e-11 -1.27916034e-15  3.33082614e-16  1.27532641e-05
 -8.70993668e-07 -4.99710095e-09  3.53803994e-10]0.10334744745710799
parents after selection:
parent1 and its probability : [ 0.00000000e+00 -1.07046353e-12 -1.17294628e-13  1.65683450e-11
 -1.08236306e-10 -1.27912599e-15  4.34231377e-16  1.27594604e-05
 -8.71086846e-07 -4.99642916e-09  3.53853192e-10]0.10301350685314671
parent2 and its probability:  [ 0.00000000e+00  0.00000000e+00  0.00000000e+00  2.82907723e-11
 -6.26365169e-11 -1.27928721e-15  3.33041714e-16  1.27561063e-05
 -8.70867289e-07 -4.99642916e-09  3.53803994e-10]0.1029361597787294
parents after selection:
parent1 and its probability : [ 0.00000000e+00  0.00000000e+00  0.00000000e+00  2.82949878e-11
 -6.26365169e-11 -1.27973447e-15  3.33039294e-16  1.27585351e-05
 -8.71033036e-07 -4.99642916e-09  3.53853192e-10]0.1029690412737474
parent2 and its probability:  [ 0.00000000e+00  0.00000000e+00  0.00000000e+00  2.82907723e-11
 -6.26365169e-11 -1.27928721e-15  3.33041714e-16  1.27561063e-05
 -8.70867289e-07 -4.99642916e-09  3.53803994e-10]0.1029361597787294
parents after selection:
parent1 and its probability : [ 0.00000000e+00  0.00000000e+00  0.00000000e+00  2.82907723e-11
 -6.26365169e-11 -1.27928721e-15  3.33041714e-16  1.27561063e-05
 -8.70867289e-07 -4.99642916e-09  3.53803994e-10]0.1029361597787294
parent2 and its probability:  [ 0.00000000e+00 -1.07017407e-12 -1.17301940e-13  1.65675272e-11
 -1.08276794e-10 -1.27912599e-15  4.34232491e-16  0.00000000e+00
 -1.27764844e-06 -1.13125023e-08  7.72249592e-10]0.087509684650703
parents after selection:
parent1 and its probability : [ 0.00000000e+00  0.00000000e+00  0.00000000e+00  2.82865133e-11
 -6.26489580e-11 -1.27888759e-15  3.33098711e-16  1.27573773e-05
 -8.71033036e-07 -4.99642916e-09  3.53822527e-10]0.10311231856170233
parent2 and its probability:  [ 0.00000000e+00 -1.07017407e-12 -1.17301940e-13  1.65675272e-11
 -1.08276794e-10 -1.27912599e-15  4.34232491e-16  0.00000000e+00
 -1.27764844e-06 -1.13125023e-08  7.72249592e-10]0.087509684650703
parents after selection:
parent1 and its probability : [ 0.00000000e+00  0.00000000e+00  0.00000000e+00  2.82949878e-11
 -6.26365169e-11 -1.27973447e-15  3.33039294e-16  1.27585351e-05
 -8.71033036e-07 -4.99642916e-09  3.53853192e-10]0.1029690412737474
parent2 and its probability:  [ 0.00000000e+00  0.00000000e+00  0.00000000e+00  2.82949878e-11
 -6.26365169e-11 -1.27973447e-15  3.33039294e-16  1.27585351e-05
 -8.71033036e-07 -4.99642916e-09  3.53853192e-10]0.1029690412737474
parents after selection:
parent1 and its probability : [ 0.00000000e+00  0.00000000e+00  0.00000000e+00  2.82949878e-11
 -6.26365169e-11 -1.27973447e-15  3.33039294e-16  1.27585351e-05
 -8.71033036e-07 -4.99642916e-09  3.53853192e-10]0.1029690412737474
parent2 and its probability:  [ 0.00000000e+00  0.00000000e+00  0.00000000e+00  2.82907723e-11
 -6.26365169e-11 -1.27898551e-15  3.33067250e-16  1.27585604e-05
 -8.71204633e-07 -4.99574938e-09  3.53803662e-10]0.1034160892299422
parents after selection:
parent1 and its probability : [ 0.00000000e+00  0.00000000e+00  0.00000000e+00  2.82865133e-11
 -6.26489580e-11 -1.27888759e-15  3.33098711e-16  1.27573773e-05
 -8.71033036e-07 -4.99642916e-09  3.53822527e-10]0.10311231856170233
parent2 and its probability:  [ 0.00000000e+00  0.00000000e+00  0.00000000e+00  2.82840027e-11
 -6.26332976e-11 -1.27916034e-15  3.33082614e-16  1.27532641e-05
 -8.70993668e-07 -4.99710095e-09  3.53803994e-10]0.10334744745710799
parents after selection:
parent1 and its probability : [ 0.00000000e+00  0.00000000e+00  0.00000000e+00  2.82907723e-11
 -6.26365169e-11 -1.27898551e-15  3.33067250e-16  1.27585604e-05
 -8.71204633e-07 -4.99574938e-09  3.53803662e-10]0.1034160892299422
parent2 and its probability:  [ 0.00000000e+00  0.00000000e+00  0.00000000e+00  2.82907723e-11
 -6.26365169e-11 -1.27928721e-15  3.33041714e-16  1.27561063e-05
 -8.70867289e-07 -4.99642916e-09  3.53803994e-10]0.1029361597787294
parents after selection:
parent1 and its probability : [ 0.00000000e+00  0.00000000e+00  0.00000000e+00  2.82907723e-11
 -6.26479264e-11 -1.27928721e-15  3.33041714e-16  1.27555841e-05
 -8.70867289e-07 -4.99582799e-09  3.53803994e-10]0.10290504539462839
parent2 and its probability:  [ 0.00000000e+00  0.00000000e+00  0.00000000e+00  2.82840027e-11
 -6.26332976e-11 -1.27916034e-15  3.33082614e-16  1.27532641e-05
 -8.70993668e-07 -4.99710095e-09  3.53803994e-10]0.10334744745710799
population after corssover:
[ 0.00000000e+00  0.00000000e+00  0.00000000e+00  2.82949878e-11
 -6.26365169e-11 -1.27973447e-15  3.33082614e-16  1.27532641e-05
 -8.70993668e-07 -4.99710095e-09  3.53803994e-10]
[ 0.00000000e+00 -1.07046353e-12 -1.17294628e-13  1.65683450e-11
 -1.08236306e-10 -1.27912599e-15  4.34231377e-16  1.27561063e-05
 -8.70867289e-07 -4.99642916e-09  3.53803994e-10]
[ 0.00000000e+00  0.00000000e+00  0.00000000e+00  2.82949878e-11
 -6.26365169e-11 -1.27973447e-15  3.33039294e-16  1.27585351e-05
 -8.71033036e-07 -4.99642916e-09  3.53803994e-10]
[ 0.00000000e+00  0.00000000e+00  0.00000000e+00  2.82907723e-11
 -6.26365169e-11 -1.27928721e-15  3.33041714e-16  1.27561063e-05
 -8.70867289e-07 -4.99642916e-09  7.72249592e-10]
[ 0.00000000e+00  0.00000000e+00  0.00000000e+00  2.82865133e-11
 -6.26489580e-11 -1.27888759e-15  4.34232491e-16  0.00000000e+00
 -1.27764844e-06 -1.13125023e-08  7.72249592e-10]
[ 0.00000000e+00  0.00000000e+00  0.00000000e+00  2.82949878e-11
 -6.26365169e-11 -1.27973447e-15  3.33039294e-16  1.27585351e-05
 -8.71033036e-07 -4.99642916e-09  3.53853192e-10]
[ 0.00000000e+00  0.00000000e+00  0.00000000e+00  2.82949878e-11
 -6.26365169e-11 -1.27898551e-15  3.33067250e-16  1.27585604e-05
 -8.71204633e-07 -4.99574938e-09  3.53803662e-10]
[ 0.00000000e+00  0.00000000e+00  0.00000000e+00  2.82865133e-11
 -6.26489580e-11 -1.27888759e-15  3.33098711e-16  1.27573773e-05
 -8.70993668e-07 -4.99710095e-09  3.53803994e-10]
[ 0.00000000e+00  0.00000000e+00  0.00000000e+00  2.82907723e-11
 -6.26365169e-11 -1.27898551e-15  3.33067250e-16  1.27585604e-05
 -8.70867289e-07 -4.99642916e-09  3.53803994e-10]
[ 0.00000000e+00  0.00000000e+00  0.00000000e+00  2.82840027e-11
 -6.26332976e-11 -1.27916034e-15  3.33082614e-16  1.27532641e-05
 -8.70993668e-07 -4.99710095e-09  3.53803994e-10]

population after mutation:
[ 0.00000000e+00  0.00000000e+00  0.00000000e+00  2.82949878e-11
 -6.26282664e-11 -1.27973447e-15  3.33082614e-16  1.27532641e-05
 -8.70993668e-07 -4.99710095e-09  3.53765732e-10]
[ 0.00000000e+00 -1.07046353e-12 -1.17294628e-13  1.65683450e-11
 -1.08236306e-10 -1.27912599e-15  4.34270588e-16  1.27561063e-05
 -8.70867289e-07 -4.99642916e-09  3.53803994e-10]
[ 0.00000000e+00  0.00000000e+00  0.00000000e+00  2.82949878e-11
 -6.26365169e-11 -1.27983664e-15  3.33039294e-16  1.27585351e-05
 -8.71033036e-07 -4.99612835e-09  3.53803994e-10]
[ 0.00000000e+00  0.00000000e+00  0.00000000e+00  2.82897998e-11
 -6.26365169e-11 -1.27937740e-15  3.33041714e-16  1.27561063e-05
 -8.70867289e-07 -4.99642916e-09  7.72249592e-10]
[ 0.00000000e+00  0.00000000e+00  0.00000000e+00  2.82865133e-11
 -6.26489580e-11 -1.27888424e-15  4.34232491e-16  0.00000000e+00
 -1.27764844e-06 -1.13125023e-08  7.72249592e-10]
[ 0.00000000e+00  0.00000000e+00  0.00000000e+00  2.82947029e-11
 -6.26365169e-11 -1.27973447e-15  3.33039294e-16  1.27585351e-05
 -8.71033036e-07 -4.99671997e-09  3.53853192e-10]
[ 0.00000000e+00  0.00000000e+00  0.00000000e+00  2.82949878e-11
 -6.26365169e-11 -1.27922880e-15  3.33067250e-16  1.27596858e-05
 -8.71204633e-07 -4.99574938e-09  3.53803662e-10]
[ 0.00000000e+00  0.00000000e+00  0.00000000e+00  2.82865133e-11
 -6.26489580e-11 -1.27898931e-15  3.33054961e-16  1.27573773e-05
 -8.70993668e-07 -4.99710095e-09  3.53857234e-10]
[ 0.00000000e+00  0.00000000e+00  0.00000000e+00  2.82907723e-11
 -6.26365169e-11 -1.27898551e-15  3.33067250e-16  1.27585604e-05
 -8.70992952e-07 -4.99642916e-09  3.53803994e-10]
[ 0.00000000e+00  0.00000000e+00  0.00000000e+00  2.82840027e-11
 -6.26332976e-11 -1.27916034e-15  3.33082614e-16  1.27528600e-05
 -8.70993668e-07 -4.99710095e-09  3.53846263e-10]

