
 
 
 
generation 1 

initial population:
[ 0.00000000e+00 -5.83513335e-13 -1.27580745e-13  2.10214416e-11
 -6.21295989e-11 -1.35117079e-15  5.67592059e-16  0.00000000e+00
  0.00000000e+00 -6.96823060e-09  7.19667128e-10]
[ 0.00000000e+00 -1.15413180e-12 -7.78609603e-14  0.00000000e+00
  0.00000000e+00 -1.37599889e-15  0.00000000e+00  9.49673321e-06
 -1.58787203e-06 -7.65895114e-09  0.00000000e+00]
[ 0.00000000e+00  0.00000000e+00 -1.80230650e-13  0.00000000e+00
 -7.65171993e-11 -1.22387863e-15  4.97503587e-16  7.03986758e-06
 -1.31220353e-06 -7.17050252e-09  3.75766336e-10]
[ 0.00000000e+00 -9.43390803e-13 -9.35205094e-14  2.95989117e-11
 -1.14345731e-10  0.00000000e+00  6.11201417e-16  1.21995501e-05
 -1.62309475e-06 -9.07199766e-09  7.56733298e-10]
[ 0.00000000e+00 -1.03125418e-12 -1.75795597e-13  2.13376054e-11
 -7.97043793e-11 -1.37021124e-15  5.15352091e-16  1.77546652e-05
 -7.58260394e-07 -9.50722566e-09  5.00873044e-10]
[ 0.00000000e+00 -8.42340916e-13 -9.87128763e-14  2.54174049e-11
 -8.81892696e-11 -1.11184212e-15  0.00000000e+00  1.37004010e-05
 -1.09864949e-06 -7.40041608e-09  4.40807022e-10]
[ 0.00000000e+00 -7.98349104e-13  0.00000000e+00  0.00000000e+00
 -8.22641649e-11 -1.35935953e-15  3.81285563e-16  1.12429544e-05
 -1.07524122e-06  0.00000000e+00  5.69184096e-10]
[ 0.00000000e+00 -5.48402748e-13 -1.16214106e-13  1.55263674e-11
 -6.24768686e-11  0.00000000e+00  5.51781345e-16  1.49626907e-05
 -9.37704526e-07 -1.26573271e-08  0.00000000e+00]
[ 0.00000000e+00 -6.44508964e-13  0.00000000e+00  3.15708528e-11
 -1.06030946e-10  0.00000000e+00  3.80843958e-16  1.03646674e-05
 -1.17592381e-06 -1.07717177e-08  3.24388498e-10]
[ 0.00000000e+00 -7.70256314e-13 -7.92063533e-14  0.00000000e+00
 -8.14659336e-11 -6.74919366e-16  5.24843273e-16  1.11013418e-05
  0.00000000e+00  0.00000000e+00  4.77273093e-10]

parents after selection:
parent1 and its probability : [ 0.00000000e+00 -9.43390803e-13 -9.35205094e-14  2.95989117e-11
 -1.14345731e-10  0.00000000e+00  6.11201417e-16  1.21995501e-05
 -1.62309475e-06 -9.07199766e-09  7.56733298e-10]0.380555309324924
parent2 and its probability:  [ 0.00000000e+00 -8.42340916e-13 -9.87128763e-14  2.54174049e-11
 -8.81892696e-11 -1.11184212e-15  0.00000000e+00  1.37004010e-05
 -1.09864949e-06 -7.40041608e-09  4.40807022e-10]0.5593606172612574
parents after selection:
parent1 and its probability : [ 0.00000000e+00 -8.42340916e-13 -9.87128763e-14  2.54174049e-11
 -8.81892696e-11 -1.11184212e-15  0.00000000e+00  1.37004010e-05
 -1.09864949e-06 -7.40041608e-09  4.40807022e-10]0.5593606172612574
parent2 and its probability:  [ 0.00000000e+00 -8.42340916e-13 -9.87128763e-14  2.54174049e-11
 -8.81892696e-11 -1.11184212e-15  0.00000000e+00  1.37004010e-05
 -1.09864949e-06 -7.40041608e-09  4.40807022e-10]0.5593606172612574
parents after selection:
parent1 and its probability : [ 0.00000000e+00 -9.43390803e-13 -9.35205094e-14  2.95989117e-11
 -1.14345731e-10  0.00000000e+00  6.11201417e-16  1.21995501e-05
 -1.62309475e-06 -9.07199766e-09  7.56733298e-10]0.380555309324924
parent2 and its probability:  [ 0.00000000e+00 -8.42340916e-13 -9.87128763e-14  2.54174049e-11
 -8.81892696e-11 -1.11184212e-15  0.00000000e+00  1.37004010e-05
 -1.09864949e-06 -7.40041608e-09  4.40807022e-10]0.5593606172612574
parents after selection:
parent1 and its probability : [ 0.00000000e+00 -8.42340916e-13 -9.87128763e-14  2.54174049e-11
 -8.81892696e-11 -1.11184212e-15  0.00000000e+00  1.37004010e-05
 -1.09864949e-06 -7.40041608e-09  4.40807022e-10]0.5593606172612574
parent2 and its probability:  [ 0.00000000e+00 -8.42340916e-13 -9.87128763e-14  2.54174049e-11
 -8.81892696e-11 -1.11184212e-15  0.00000000e+00  1.37004010e-05
 -1.09864949e-06 -7.40041608e-09  4.40807022e-10]0.5593606172612574
parents after selection:
parent1 and its probability : [ 0.00000000e+00 -8.42340916e-13 -9.87128763e-14  2.54174049e-11
 -8.81892696e-11 -1.11184212e-15  0.00000000e+00  1.37004010e-05
 -1.09864949e-06 -7.40041608e-09  4.40807022e-10]0.5593606172612574
parent2 and its probability:  [ 0.00000000e+00 -8.42340916e-13 -9.87128763e-14  2.54174049e-11
 -8.81892696e-11 -1.11184212e-15  0.00000000e+00  1.37004010e-05
 -1.09864949e-06 -7.40041608e-09  4.40807022e-10]0.5593606172612574
parents after selection:
parent1 and its probability : [ 0.00000000e+00 -8.42340916e-13 -9.87128763e-14  2.54174049e-11
 -8.81892696e-11 -1.11184212e-15  0.00000000e+00  1.37004010e-05
 -1.09864949e-06 -7.40041608e-09  4.40807022e-10]0.5593606172612574
parent2 and its probability:  [ 0.00000000e+00 -8.42340916e-13 -9.87128763e-14  2.54174049e-11
 -8.81892696e-11 -1.11184212e-15  0.00000000e+00  1.37004010e-05
 -1.09864949e-06 -7.40041608e-09  4.40807022e-10]0.5593606172612574
parents after selection:
parent1 and its probability : [ 0.00000000e+00 -7.98349104e-13  0.00000000e+00  0.00000000e+00
 -8.22641649e-11 -1.35935953e-15  3.81285563e-16  1.12429544e-05
 -1.07524122e-06  0.00000000e+00  5.69184096e-10]0.01102160454604249
parent2 and its probability:  [ 0.00000000e+00 -9.43390803e-13 -9.35205094e-14  2.95989117e-11
 -1.14345731e-10  0.00000000e+00  6.11201417e-16  1.21995501e-05
 -1.62309475e-06 -9.07199766e-09  7.56733298e-10]0.380555309324924
parents after selection:
parent1 and its probability : [ 0.00000000e+00 -8.42340916e-13 -9.87128763e-14  2.54174049e-11
 -8.81892696e-11 -1.11184212e-15  0.00000000e+00  1.37004010e-05
 -1.09864949e-06 -7.40041608e-09  4.40807022e-10]0.5593606172612574
parent2 and its probability:  [ 0.00000000e+00 -9.43390803e-13 -9.35205094e-14  2.95989117e-11
 -1.14345731e-10  0.00000000e+00  6.11201417e-16  1.21995501e-05
 -1.62309475e-06 -9.07199766e-09  7.56733298e-10]0.380555309324924
parents after selection:
parent1 and its probability : [ 0.00000000e+00 -9.43390803e-13 -9.35205094e-14  2.95989117e-11
 -1.14345731e-10  0.00000000e+00  6.11201417e-16  1.21995501e-05
 -1.62309475e-06 -9.07199766e-09  7.56733298e-10]0.380555309324924
parent2 and its probability:  [ 0.00000000e+00 -7.98349104e-13  0.00000000e+00  0.00000000e+00
 -8.22641649e-11 -1.35935953e-15  3.81285563e-16  1.12429544e-05
 -1.07524122e-06  0.00000000e+00  5.69184096e-10]0.01102160454604249
parents after selection:
parent1 and its probability : [ 0.00000000e+00 -9.43390803e-13 -9.35205094e-14  2.95989117e-11
 -1.14345731e-10  0.00000000e+00  6.11201417e-16  1.21995501e-05
 -1.62309475e-06 -9.07199766e-09  7.56733298e-10]0.380555309324924
parent2 and its probability:  [ 0.00000000e+00 -9.43390803e-13 -9.35205094e-14  2.95989117e-11
 -1.14345731e-10  0.00000000e+00  6.11201417e-16  1.21995501e-05
 -1.62309475e-06 -9.07199766e-09  7.56733298e-10]0.380555309324924
population after corssover:
[ 0.00000000e+00 -9.43390803e-13 -9.35205094e-14  2.95989117e-11
 -1.14345731e-10  0.00000000e+00  6.11201417e-16  1.21995501e-05
 -1.62309475e-06 -7.40041608e-09  4.40807022e-10]
[ 0.00000000e+00 -8.42340916e-13 -9.87128763e-14  2.54174049e-11
 -8.81892696e-11 -1.11184212e-15  0.00000000e+00  1.37004010e-05
 -1.09864949e-06 -7.40041608e-09  4.40807022e-10]
[ 0.00000000e+00 -9.43390803e-13 -9.87128763e-14  2.54174049e-11
 -8.81892696e-11 -1.11184212e-15  0.00000000e+00  1.37004010e-05
 -1.09864949e-06 -7.40041608e-09  4.40807022e-10]
[ 0.00000000e+00 -8.42340916e-13 -9.87128763e-14  2.54174049e-11
 -8.81892696e-11 -1.11184212e-15  0.00000000e+00  1.37004010e-05
 -1.09864949e-06 -7.40041608e-09  4.40807022e-10]
[ 0.00000000e+00 -8.42340916e-13 -9.87128763e-14  2.54174049e-11
 -8.81892696e-11 -1.11184212e-15  0.00000000e+00  1.37004010e-05
 -1.09864949e-06 -7.40041608e-09  4.40807022e-10]
[ 0.00000000e+00 -8.42340916e-13 -9.87128763e-14  2.54174049e-11
 -8.81892696e-11 -1.11184212e-15  0.00000000e+00  1.37004010e-05
 -1.09864949e-06 -7.40041608e-09  4.40807022e-10]
[ 0.00000000e+00 -7.98349104e-13  0.00000000e+00  0.00000000e+00
 -8.22641649e-11 -1.35935953e-15  3.81285563e-16  1.12429544e-05
 -1.62309475e-06 -9.07199766e-09  7.56733298e-10]
[ 0.00000000e+00 -8.42340916e-13 -9.87128763e-14  2.54174049e-11
 -8.81892696e-11 -1.11184212e-15  0.00000000e+00  1.21995501e-05
 -1.62309475e-06 -9.07199766e-09  7.56733298e-10]
[ 0.00000000e+00 -9.43390803e-13 -9.35205094e-14  2.95989117e-11
 -1.14345731e-10  0.00000000e+00  6.11201417e-16  1.12429544e-05
 -1.07524122e-06  0.00000000e+00  5.69184096e-10]
[ 0.00000000e+00 -9.43390803e-13 -9.35205094e-14  2.95989117e-11
 -1.14345731e-10  0.00000000e+00  6.11201417e-16  1.21995501e-05
 -1.62309475e-06 -9.07199766e-09  7.56733298e-10]

population after mutation:
[ 0.00000000e+00 -9.43390803e-13 -9.35205094e-14  2.95989117e-11
 -1.14345731e-10  0.00000000e+00  6.11201417e-16  1.21973221e-05
 -1.62309475e-06 -7.40041608e-09  4.40807022e-10]
[ 0.00000000e+00 -8.42340916e-13 -9.87128763e-14  2.54174049e-11
 -8.81892696e-11 -1.11184212e-15  0.00000000e+00  1.37027802e-05
 -1.09869166e-06 -7.40041608e-09  4.40807022e-10]
[ 0.00000000e+00 -9.43390803e-13 -9.87128763e-14  2.54174049e-11
 -8.81892696e-11 -1.11184212e-15  0.00000000e+00  1.37004010e-05
 -1.09864949e-06 -7.40070484e-09  4.40807022e-10]
[ 0.00000000e+00 -8.42340916e-13 -9.87128763e-14  2.54174049e-11
 -8.81892696e-11 -1.11164611e-15  0.00000000e+00  1.37010523e-05
 -1.09864949e-06 -7.40041608e-09  4.40793084e-10]
[ 0.00000000e+00 -8.42340916e-13 -9.87128763e-14  2.54174049e-11
 -8.81892696e-11 -1.11184212e-15  0.00000000e+00  1.37022835e-05
 -1.09864949e-06 -7.39949827e-09  4.40807022e-10]
[ 0.00000000e+00 -8.42340916e-13 -9.87128763e-14  2.54174049e-11
 -8.81892696e-11 -1.11198827e-15  0.00000000e+00  1.37004010e-05
 -1.09864949e-06 -7.40041608e-09  4.40807022e-10]
[ 0.00000000e+00 -7.98349104e-13  0.00000000e+00  0.00000000e+00
 -8.22517992e-11 -1.35917623e-15  3.81234323e-16  1.12429544e-05
 -1.62309475e-06 -9.07199766e-09  7.56733298e-10]
[ 0.00000000e+00 -8.42340916e-13 -9.86962755e-14  2.54174049e-11
 -8.81892696e-11 -1.11184212e-15  0.00000000e+00  1.22004079e-05
 -1.62331846e-06 -9.07199766e-09  7.56733298e-10]
[ 0.00000000e+00 -9.43390803e-13 -9.35205094e-14  2.95989117e-11
 -1.14331606e-10  0.00000000e+00  6.11201417e-16  1.12429544e-05
 -1.07524122e-06  0.00000000e+00  5.69184096e-10]
[ 0.00000000e+00 -9.43390803e-13 -9.35205094e-14  2.95989117e-11
 -1.14345731e-10  0.00000000e+00  6.11201417e-16  1.21995501e-05
 -1.62309475e-06 -9.07199766e-09  7.56733298e-10]


 
 
 
generation 1 

initial population:
[ 0.00000000e+00 -7.98349104e-13  0.00000000e+00  0.00000000e+00
 -8.22517992e-11 -1.35917623e-15  3.81278375e-16  1.12429544e-05
 -1.62309475e-06 -9.07207009e-09  7.56733298e-10]
[ 0.00000000e+00 -8.42340916e-13 -9.86962755e-14  2.54174049e-11
 -8.81892696e-11 -1.11184212e-15  0.00000000e+00  1.22004079e-05
 -1.62331846e-06 -9.07199766e-09  7.56733298e-10]
[ 0.00000000e+00 -8.42340916e-13 -9.87128763e-14  2.54174049e-11
 -8.81791544e-11 -1.11165567e-15  0.00000000e+00  1.37022835e-05
 -1.09864949e-06 -7.39949827e-09  4.40807022e-10]
[ 0.00000000e+00 -8.42340916e-13 -9.87128763e-14  2.54174049e-11
 -8.82009303e-11 -1.11184212e-15  0.00000000e+00  1.37027802e-05
 -1.09855527e-06 -7.40041608e-09  4.40807022e-10]
[ 0.00000000e+00 -8.42340916e-13 -9.87128763e-14  2.54163099e-11
 -8.81892696e-11 -1.11184212e-15  0.00000000e+00  1.37024804e-05
 -1.09864949e-06 -7.40041608e-09  4.40807022e-10]
[ 0.00000000e+00 -8.42340916e-13 -9.87128763e-14  2.54197392e-11
 -8.81892696e-11 -1.11164611e-15  0.00000000e+00  1.37010523e-05
 -1.09864949e-06 -7.40041608e-09  4.40793084e-10]
[ 0.00000000e+00 -8.42340916e-13 -9.87128763e-14  2.54174049e-11
 -8.81892696e-11 -1.11198827e-15  0.00000000e+00  1.37028139e-05
 -1.09872901e-06 -7.40041608e-09  4.40807022e-10]
[ 0.00000000e+00 -9.43390803e-13 -9.87128763e-14  2.54171887e-11
 -8.81892696e-11 -1.11163058e-15  0.00000000e+00  1.36987261e-05
 -1.09864949e-06 -7.40070484e-09  4.40807022e-10]
[ 0.00000000e+00 -9.43390803e-13 -9.35205094e-14  2.95989117e-11
 -1.14345731e-10  0.00000000e+00  6.11201417e-16  1.21995501e-05
 -1.62309475e-06 -9.07199766e-09  7.56733298e-10]
[ 0.00000000e+00 -9.43390803e-13 -9.35205094e-14  2.95989117e-11
 -1.14345731e-10  0.00000000e+00  6.11201417e-16  1.21995501e-05
 -1.62301840e-06 -9.07199766e-09  7.56733298e-10]

parents after selection:
parent1 and its probability : [ 0.00000000e+00 -7.98349104e-13  0.00000000e+00  0.00000000e+00
 -8.22517992e-11 -1.35917623e-15  3.81278375e-16  1.12429544e-05
 -1.62309475e-06 -9.07207009e-09  7.56733298e-10]0.3848377733849968
parent2 and its probability:  [ 0.00000000e+00 -9.43390803e-13 -9.87128763e-14  2.54171887e-11
 -8.81892696e-11 -1.11163058e-15  0.00000000e+00  1.36987261e-05
 -1.09864949e-06 -7.40070484e-09  4.40807022e-10]0.057897124191888846
parents after selection:
parent1 and its probability : [ 0.00000000e+00 -7.98349104e-13  0.00000000e+00  0.00000000e+00
 -8.22517992e-11 -1.35917623e-15  3.81278375e-16  1.12429544e-05
 -1.62309475e-06 -9.07207009e-09  7.56733298e-10]0.3848377733849968
parent2 and its probability:  [ 0.00000000e+00 -8.42340916e-13 -9.87128763e-14  2.54197392e-11
 -8.81892696e-11 -1.11164611e-15  0.00000000e+00  1.37010523e-05
 -1.09864949e-06 -7.40041608e-09  4.40793084e-10]0.057932126036276656
parents after selection:
parent1 and its probability : [ 0.00000000e+00 -8.42340916e-13 -9.87128763e-14  2.54163099e-11
 -8.81892696e-11 -1.11184212e-15  0.00000000e+00  1.37024804e-05
 -1.09864949e-06 -7.40041608e-09  4.40807022e-10]0.057996485375756496
parent2 and its probability:  [ 0.00000000e+00 -8.42340916e-13 -9.87128763e-14  2.54197392e-11
 -8.81892696e-11 -1.11164611e-15  0.00000000e+00  1.37010523e-05
 -1.09864949e-06 -7.40041608e-09  4.40793084e-10]0.057932126036276656
parents after selection:
parent1 and its probability : [ 0.00000000e+00 -8.42340916e-13 -9.86962755e-14  2.54174049e-11
 -8.81892696e-11 -1.11184212e-15  0.00000000e+00  1.22004079e-05
 -1.62331846e-06 -9.07199766e-09  7.56733298e-10]0.1884718060091509
parent2 and its probability:  [ 0.00000000e+00 -7.98349104e-13  0.00000000e+00  0.00000000e+00
 -8.22517992e-11 -1.35917623e-15  3.81278375e-16  1.12429544e-05
 -1.62309475e-06 -9.07207009e-09  7.56733298e-10]0.3848377733849968
parents after selection:
parent1 and its probability : [ 0.00000000e+00 -8.42340916e-13 -9.87128763e-14  2.54163099e-11
 -8.81892696e-11 -1.11184212e-15  0.00000000e+00  1.37024804e-05
 -1.09864949e-06 -7.40041608e-09  4.40807022e-10]0.057996485375756496
parent2 and its probability:  [ 0.00000000e+00 -9.43390803e-13 -9.35205094e-14  2.95989117e-11
 -1.14345731e-10  0.00000000e+00  6.11201417e-16  1.21995501e-05
 -1.62301840e-06 -9.07199766e-09  7.56733298e-10]0.03936405458431116
parents after selection:
parent1 and its probability : [ 0.00000000e+00 -8.42340916e-13 -9.86962755e-14  2.54174049e-11
 -8.81892696e-11 -1.11184212e-15  0.00000000e+00  1.22004079e-05
 -1.62331846e-06 -9.07199766e-09  7.56733298e-10]0.1884718060091509
parent2 and its probability:  [ 0.00000000e+00 -8.42340916e-13 -9.87128763e-14  2.54174049e-11
 -8.81791544e-11 -1.11165567e-15  0.00000000e+00  1.37022835e-05
 -1.09864949e-06 -7.39949827e-09  4.40807022e-10]0.05806315304873371
parents after selection:
parent1 and its probability : [ 0.00000000e+00 -8.42340916e-13 -9.86962755e-14  2.54174049e-11
 -8.81892696e-11 -1.11184212e-15  0.00000000e+00  1.22004079e-05
 -1.62331846e-06 -9.07199766e-09  7.56733298e-10]0.1884718060091509
parent2 and its probability:  [ 0.00000000e+00 -9.43390803e-13 -9.87128763e-14  2.54171887e-11
 -8.81892696e-11 -1.11163058e-15  0.00000000e+00  1.36987261e-05
 -1.09864949e-06 -7.40070484e-09  4.40807022e-10]0.057897124191888846
parents after selection:
parent1 and its probability : [ 0.00000000e+00 -8.42340916e-13 -9.87128763e-14  2.54174049e-11
 -8.81791544e-11 -1.11165567e-15  0.00000000e+00  1.37022835e-05
 -1.09864949e-06 -7.39949827e-09  4.40807022e-10]0.05806315304873371
parent2 and its probability:  [ 0.00000000e+00 -8.42340916e-13 -9.87128763e-14  2.54197392e-11
 -8.81892696e-11 -1.11164611e-15  0.00000000e+00  1.37010523e-05
 -1.09864949e-06 -7.40041608e-09  4.40793084e-10]0.057932126036276656
parents after selection:
parent1 and its probability : [ 0.00000000e+00 -8.42340916e-13 -9.87128763e-14  2.54174049e-11
 -8.81791544e-11 -1.11165567e-15  0.00000000e+00  1.37022835e-05
 -1.09864949e-06 -7.39949827e-09  4.40807022e-10]0.05806315304873371
parent2 and its probability:  [ 0.00000000e+00 -9.43390803e-13 -9.87128763e-14  2.54171887e-11
 -8.81892696e-11 -1.11163058e-15  0.00000000e+00  1.36987261e-05
 -1.09864949e-06 -7.40070484e-09  4.40807022e-10]0.057897124191888846
parents after selection:
parent1 and its probability : [ 0.00000000e+00 -7.98349104e-13  0.00000000e+00  0.00000000e+00
 -8.22517992e-11 -1.35917623e-15  3.81278375e-16  1.12429544e-05
 -1.62309475e-06 -9.07207009e-09  7.56733298e-10]0.3848377733849968
parent2 and its probability:  [ 0.00000000e+00 -7.98349104e-13  0.00000000e+00  0.00000000e+00
 -8.22517992e-11 -1.35917623e-15  3.81278375e-16  1.12429544e-05
 -1.62309475e-06 -9.07207009e-09  7.56733298e-10]0.3848377733849968
population after corssover:
[ 0.00000000e+00 -7.98349104e-13  0.00000000e+00  0.00000000e+00
 -8.22517992e-11 -1.11163058e-15  0.00000000e+00  1.36987261e-05
 -1.09864949e-06 -7.40070484e-09  4.40807022e-10]
[ 0.00000000e+00 -7.98349104e-13 -9.87128763e-14  2.54197392e-11
 -8.81892696e-11 -1.11164611e-15  0.00000000e+00  1.37010523e-05
 -1.09864949e-06 -7.40041608e-09  4.40793084e-10]
[ 0.00000000e+00 -8.42340916e-13 -9.87128763e-14  2.54197392e-11
 -8.81892696e-11 -1.11164611e-15  0.00000000e+00  1.37010523e-05
 -1.09864949e-06 -7.40041608e-09  4.40793084e-10]
[ 0.00000000e+00 -8.42340916e-13 -9.86962755e-14  2.54174049e-11
 -8.81892696e-11 -1.11184212e-15  0.00000000e+00  1.22004079e-05
 -1.62331846e-06 -9.07199766e-09  7.56733298e-10]
[ 0.00000000e+00 -8.42340916e-13 -9.87128763e-14  2.54163099e-11
 -8.81892696e-11 -1.11184212e-15  6.11201417e-16  1.21995501e-05
 -1.62301840e-06 -9.07199766e-09  7.56733298e-10]
[ 0.00000000e+00 -8.42340916e-13 -9.87128763e-14  2.54174049e-11
 -8.81791544e-11 -1.11165567e-15  0.00000000e+00  1.37022835e-05
 -1.09864949e-06 -7.39949827e-09  4.40807022e-10]
[ 0.00000000e+00 -8.42340916e-13 -9.86962755e-14  2.54174049e-11
 -8.81892696e-11 -1.11163058e-15  0.00000000e+00  1.36987261e-05
 -1.09864949e-06 -7.40070484e-09  4.40807022e-10]
[ 0.00000000e+00 -8.42340916e-13 -9.87128763e-14  2.54174049e-11
 -8.81791544e-11 -1.11165567e-15  0.00000000e+00  1.37010523e-05
 -1.09864949e-06 -7.40041608e-09  4.40793084e-10]
[ 0.00000000e+00 -8.42340916e-13 -9.87128763e-14  2.54171887e-11
 -8.81892696e-11 -1.11163058e-15  0.00000000e+00  1.36987261e-05
 -1.09864949e-06 -7.40070484e-09  4.40807022e-10]
[ 0.00000000e+00 -7.98349104e-13  0.00000000e+00  0.00000000e+00
 -8.22517992e-11 -1.35917623e-15  3.81278375e-16  1.12429544e-05
 -1.62309475e-06 -9.07207009e-09  7.56733298e-10]

population after mutation:
[ 0.00000000e+00 -7.98349104e-13  0.00000000e+00  0.00000000e+00
 -8.22517992e-11 -1.11163058e-15  0.00000000e+00  1.36987261e-05
 -1.09881246e-06 -7.40070484e-09  4.40807022e-10]
[ 0.00000000e+00 -7.98349104e-13 -9.86982037e-14  2.54197392e-11
 -8.81892696e-11 -1.11154803e-15  0.00000000e+00  1.37023595e-05
 -1.09864949e-06 -7.40041608e-09  4.40793084e-10]
[ 0.00000000e+00 -8.42340916e-13 -9.87128763e-14  2.54197392e-11
 -8.81892696e-11 -1.11155796e-15  0.00000000e+00  1.37010523e-05
 -1.09864949e-06 -7.40041608e-09  4.40793084e-10]
[ 0.00000000e+00 -8.42340916e-13 -9.86962755e-14  2.54174049e-11
 -8.81892696e-11 -1.11184212e-15  0.00000000e+00  1.22004079e-05
 -1.62324739e-06 -9.07199766e-09  7.56733298e-10]
[ 0.00000000e+00 -8.42340916e-13 -9.87128763e-14  2.54163099e-11
 -8.81892696e-11 -1.11184212e-15  6.11179277e-16  1.21995501e-05
 -1.62301840e-06 -9.07199766e-09  7.56733298e-10]
[ 0.00000000e+00 -8.42340916e-13 -9.87128763e-14  2.54145381e-11
 -8.81791544e-11 -1.11165567e-15  0.00000000e+00  1.37022835e-05
 -1.09864949e-06 -7.39949827e-09  4.40807022e-10]
[ 0.00000000e+00 -8.42458419e-13 -9.86962755e-14  2.54174049e-11
 -8.81892696e-11 -1.11167012e-15  0.00000000e+00  1.36987261e-05
 -1.09880021e-06 -7.40070484e-09  4.40807022e-10]
[ 0.00000000e+00 -8.42340916e-13 -9.87128763e-14  2.54192104e-11
 -8.81791544e-11 -1.11165567e-15  0.00000000e+00  1.37010523e-05
 -1.09864949e-06 -7.40041608e-09  4.40793084e-10]
[ 0.00000000e+00 -8.42340916e-13 -9.87238775e-14  2.54171887e-11
 -8.81892696e-11 -1.11163058e-15  0.00000000e+00  1.36987261e-05
 -1.09864949e-06 -7.40070484e-09  4.40807022e-10]
[ 0.00000000e+00 -7.98349104e-13  0.00000000e+00  0.00000000e+00
 -8.22517992e-11 -1.35901066e-15  3.81278375e-16  1.12429544e-05
 -1.62309475e-06 -9.07207009e-09  7.56733298e-10]


 
 
 
generation 1 

initial population:
[ 0.00000000e+00 -7.98349104e-13  0.00000000e+00  0.00000000e+00
 -8.22517992e-11 -1.35892956e-15  3.81300295e-16  1.12415899e-05
 -1.62309475e-06 -9.07207009e-09  7.56733298e-10]
[ 0.00000000e+00 -7.98349104e-13  0.00000000e+00  0.00000000e+00
 -8.22517992e-11 -1.35917623e-15  3.81278375e-16  1.12429544e-05
 -1.62309475e-06 -9.07207009e-09  7.56733298e-10]
[ 0.00000000e+00 -8.42340916e-13 -9.86962755e-14  2.54174049e-11
 -8.81892696e-11 -1.11184212e-15  0.00000000e+00  1.22004079e-05
 -1.62331846e-06 -9.07122895e-09  7.56733298e-10]
[ 0.00000000e+00 -8.42474406e-13 -9.86962755e-14  2.54174049e-11
 -8.81892696e-11 -1.11169587e-15  0.00000000e+00  1.22004079e-05
 -1.62294466e-06 -9.07199766e-09  7.56733298e-10]
[ 0.00000000e+00 -8.42469617e-13 -9.87128763e-14  2.54153972e-11
 -8.81892696e-11 -1.11184212e-15  6.11179277e-16  1.21995501e-05
 -1.62301840e-06 -9.07199766e-09  7.56733298e-10]
[ 0.00000000e+00 -8.42340916e-13 -9.87128763e-14  2.54174049e-11
 -8.82009303e-11 -1.11184212e-15  0.00000000e+00  1.37029405e-05
 -1.09866102e-06 -7.40041608e-09  4.40817136e-10]
[ 0.00000000e+00 -8.42340916e-13 -9.87128763e-14  2.54174049e-11
 -8.81804870e-11 -1.11165567e-15  0.00000000e+00  1.37022835e-05
 -1.09864949e-06 -7.39953257e-09  4.40733355e-10]
[ 0.00000000e+00 -8.42340916e-13 -9.87128763e-14  2.54145381e-11
 -8.81791544e-11 -1.11165567e-15  0.00000000e+00  1.37014737e-05
 -1.09864949e-06 -7.39949827e-09  4.40807022e-10]
[ 0.00000000e+00 -8.42486814e-13 -9.87128763e-14  2.54163099e-11
 -8.81892696e-11 -1.11164206e-15  0.00000000e+00  1.37024804e-05
 -1.09864949e-06 -7.40041608e-09  4.40807022e-10]
[ 0.00000000e+00 -7.98248002e-13 -9.86982037e-14  2.54197392e-11
 -8.81892696e-11 -1.11154803e-15  0.00000000e+00  1.37042466e-05
 -1.09864949e-06 -7.40041608e-09  4.40872920e-10]

parents after selection:
parent1 and its probability : [ 0.00000000e+00 -8.42340916e-13 -9.87128763e-14  2.54145381e-11
 -8.81791544e-11 -1.11165567e-15  0.00000000e+00  1.37014737e-05
 -1.09864949e-06 -7.39949827e-09  4.40807022e-10]0.03581239997720243
parent2 and its probability:  [ 0.00000000e+00 -7.98349104e-13  0.00000000e+00  0.00000000e+00
 -8.22517992e-11 -1.35892956e-15  3.81300295e-16  1.12415899e-05
 -1.62309475e-06 -9.07207009e-09  7.56733298e-10]0.23742635151285285
parents after selection:
parent1 and its probability : [ 0.00000000e+00 -7.98349104e-13  0.00000000e+00  0.00000000e+00
 -8.22517992e-11 -1.35892956e-15  3.81300295e-16  1.12415899e-05
 -1.62309475e-06 -9.07207009e-09  7.56733298e-10]0.23742635151285285
parent2 and its probability:  [ 0.00000000e+00 -8.42340916e-13 -9.86962755e-14  2.54174049e-11
 -8.81892696e-11 -1.11184212e-15  0.00000000e+00  1.22004079e-05
 -1.62331846e-06 -9.07122895e-09  7.56733298e-10]0.11614176684550119
parents after selection:
parent1 and its probability : [ 0.00000000e+00 -8.42340916e-13 -9.87128763e-14  2.54174049e-11
 -8.81804870e-11 -1.11165567e-15  0.00000000e+00  1.37022835e-05
 -1.09864949e-06 -7.39953257e-09  4.40733355e-10]0.03568614994136466
parent2 and its probability:  [ 0.00000000e+00 -7.98349104e-13  0.00000000e+00  0.00000000e+00
 -8.22517992e-11 -1.35917623e-15  3.81278375e-16  1.12429544e-05
 -1.62309475e-06 -9.07207009e-09  7.56733298e-10]0.2374479486116144
parents after selection:
parent1 and its probability : [ 0.00000000e+00 -8.42469617e-13 -9.87128763e-14  2.54153972e-11
 -8.81892696e-11 -1.11184212e-15  6.11179277e-16  1.21995501e-05
 -1.62301840e-06 -9.07199766e-09  7.56733298e-10]0.1151623631997034
parent2 and its probability:  [ 0.00000000e+00 -8.42469617e-13 -9.87128763e-14  2.54153972e-11
 -8.81892696e-11 -1.11184212e-15  6.11179277e-16  1.21995501e-05
 -1.62301840e-06 -9.07199766e-09  7.56733298e-10]0.1151623631997034
parents after selection:
parent1 and its probability : [ 0.00000000e+00 -7.98349104e-13  0.00000000e+00  0.00000000e+00
 -8.22517992e-11 -1.35917623e-15  3.81278375e-16  1.12429544e-05
 -1.62309475e-06 -9.07207009e-09  7.56733298e-10]0.2374479486116144
parent2 and its probability:  [ 0.00000000e+00 -7.98349104e-13  0.00000000e+00  0.00000000e+00
 -8.22517992e-11 -1.35917623e-15  3.81278375e-16  1.12429544e-05
 -1.62309475e-06 -9.07207009e-09  7.56733298e-10]0.2374479486116144
parents after selection:
parent1 and its probability : [ 0.00000000e+00 -8.42340916e-13 -9.87128763e-14  2.54174049e-11
 -8.81804870e-11 -1.11165567e-15  0.00000000e+00  1.37022835e-05
 -1.09864949e-06 -7.39953257e-09  4.40733355e-10]0.03568614994136466
parent2 and its probability:  [ 0.00000000e+00 -8.42474406e-13 -9.86962755e-14  2.54174049e-11
 -8.81892696e-11 -1.11169587e-15  0.00000000e+00  1.22004079e-05
 -1.62294466e-06 -9.07199766e-09  7.56733298e-10]0.11477679867482744
parents after selection:
parent1 and its probability : [ 0.00000000e+00 -8.42474406e-13 -9.86962755e-14  2.54174049e-11
 -8.81892696e-11 -1.11169587e-15  0.00000000e+00  1.22004079e-05
 -1.62294466e-06 -9.07199766e-09  7.56733298e-10]0.11477679867482744
parent2 and its probability:  [ 0.00000000e+00 -7.98349104e-13  0.00000000e+00  0.00000000e+00
 -8.22517992e-11 -1.35917623e-15  3.81278375e-16  1.12429544e-05
 -1.62309475e-06 -9.07207009e-09  7.56733298e-10]0.2374479486116144
parents after selection:
parent1 and its probability : [ 0.00000000e+00 -8.42340916e-13 -9.87128763e-14  2.54174049e-11
 -8.82009303e-11 -1.11184212e-15  0.00000000e+00  1.37029405e-05
 -1.09866102e-06 -7.40041608e-09  4.40817136e-10]0.035801694006269195
parent2 and its probability:  [ 0.00000000e+00 -8.42469617e-13 -9.87128763e-14  2.54153972e-11
 -8.81892696e-11 -1.11184212e-15  6.11179277e-16  1.21995501e-05
 -1.62301840e-06 -9.07199766e-09  7.56733298e-10]0.1151623631997034
parents after selection:
parent1 and its probability : [ 0.00000000e+00 -8.42340916e-13 -9.87128763e-14  2.54145381e-11
 -8.81791544e-11 -1.11165567e-15  0.00000000e+00  1.37014737e-05
 -1.09864949e-06 -7.39949827e-09  4.40807022e-10]0.03581239997720243
parent2 and its probability:  [ 0.00000000e+00 -8.42340916e-13 -9.87128763e-14  2.54145381e-11
 -8.81791544e-11 -1.11165567e-15  0.00000000e+00  1.37014737e-05
 -1.09864949e-06 -7.39949827e-09  4.40807022e-10]0.03581239997720243
parents after selection:
parent1 and its probability : [ 0.00000000e+00 -8.42474406e-13 -9.86962755e-14  2.54174049e-11
 -8.81892696e-11 -1.11169587e-15  0.00000000e+00  1.22004079e-05
 -1.62294466e-06 -9.07199766e-09  7.56733298e-10]0.11477679867482744
parent2 and its probability:  [ 0.00000000e+00 -7.98349104e-13  0.00000000e+00  0.00000000e+00
 -8.22517992e-11 -1.35892956e-15  3.81300295e-16  1.12415899e-05
 -1.62309475e-06 -9.07207009e-09  7.56733298e-10]0.23742635151285285
population after corssover:
[ 0.00000000e+00 -8.42340916e-13 -9.87128763e-14  2.54145381e-11
 -8.81791544e-11 -1.11165567e-15  0.00000000e+00  1.37014737e-05
 -1.09864949e-06 -9.07207009e-09  7.56733298e-10]
[ 0.00000000e+00 -7.98349104e-13  0.00000000e+00  2.54174049e-11
 -8.81892696e-11 -1.11184212e-15  0.00000000e+00  1.22004079e-05
 -1.62331846e-06 -9.07122895e-09  7.56733298e-10]
[ 0.00000000e+00 -8.42340916e-13 -9.87128763e-14  2.54174049e-11
 -8.22517992e-11 -1.35917623e-15  3.81278375e-16  1.12429544e-05
 -1.62309475e-06 -9.07207009e-09  7.56733298e-10]
[ 0.00000000e+00 -8.42469617e-13 -9.87128763e-14  2.54153972e-11
 -8.81892696e-11 -1.11184212e-15  6.11179277e-16  1.21995501e-05
 -1.62301840e-06 -9.07199766e-09  7.56733298e-10]
[ 0.00000000e+00 -7.98349104e-13  0.00000000e+00  0.00000000e+00
 -8.22517992e-11 -1.35917623e-15  3.81278375e-16  1.12429544e-05
 -1.62309475e-06 -9.07207009e-09  7.56733298e-10]
[ 0.00000000e+00 -8.42340916e-13 -9.87128763e-14  2.54174049e-11
 -8.81892696e-11 -1.11169587e-15  0.00000000e+00  1.22004079e-05
 -1.62294466e-06 -9.07199766e-09  7.56733298e-10]
[ 0.00000000e+00 -8.42474406e-13 -9.86962755e-14  2.54174049e-11
 -8.81892696e-11 -1.11169587e-15  0.00000000e+00  1.12429544e-05
 -1.62309475e-06 -9.07207009e-09  7.56733298e-10]
[ 0.00000000e+00 -8.42340916e-13 -9.87128763e-14  2.54174049e-11
 -8.82009303e-11 -1.11184212e-15  6.11179277e-16  1.21995501e-05
 -1.62301840e-06 -9.07199766e-09  7.56733298e-10]
[ 0.00000000e+00 -8.42340916e-13 -9.87128763e-14  2.54145381e-11
 -8.81791544e-11 -1.11165567e-15  0.00000000e+00  1.37014737e-05
 -1.09864949e-06 -7.39949827e-09  4.40807022e-10]
[ 0.00000000e+00 -8.42474406e-13 -9.86962755e-14  2.54174049e-11
 -8.81892696e-11 -1.11169587e-15  0.00000000e+00  1.22004079e-05
 -1.62294466e-06 -9.07207009e-09  7.56733298e-10]

population after mutation:
[ 0.00000000e+00 -8.42340916e-13 -9.87231436e-14  2.54145381e-11
 -8.81876712e-11 -1.11165567e-15  0.00000000e+00  1.37006046e-05
 -1.09864949e-06 -9.07207009e-09  7.56733298e-10]
[ 0.00000000e+00 -7.98349104e-13  0.00000000e+00  2.54174049e-11
 -8.81763138e-11 -1.11184212e-15  0.00000000e+00  1.22004079e-05
 -1.62331846e-06 -9.06968299e-09  7.56733298e-10]
[ 0.00000000e+00 -8.42340916e-13 -9.87128763e-14  2.54174049e-11
 -8.22517992e-11 -1.35917623e-15  3.81291619e-16  1.12438038e-05
 -1.62309475e-06 -9.07207009e-09  7.56733298e-10]
[ 0.00000000e+00 -8.42469617e-13 -9.87128763e-14  2.54153972e-11
 -8.81892696e-11 -1.11184212e-15  6.11115635e-16  1.21995501e-05
 -1.62273640e-06 -9.07199766e-09  7.56838584e-10]
[ 0.00000000e+00 -7.98349104e-13  0.00000000e+00  0.00000000e+00
 -8.22677252e-11 -1.35917623e-15  3.81278375e-16  1.12429544e-05
 -1.62309475e-06 -9.07123495e-09  7.56733298e-10]
[ 0.00000000e+00 -8.42340916e-13 -9.87128763e-14  2.54174049e-11
 -8.81892696e-11 -1.11169587e-15  0.00000000e+00  1.22004079e-05
 -1.62294466e-06 -9.07199766e-09  7.56733298e-10]
[ 0.00000000e+00 -8.42474406e-13 -9.86962755e-14  2.54174049e-11
 -8.81892696e-11 -1.11169587e-15  0.00000000e+00  1.12429544e-05
 -1.62309475e-06 -9.07305085e-09  7.56733298e-10]
[ 0.00000000e+00 -8.42340916e-13 -9.87128763e-14  2.54174049e-11
 -8.81845576e-11 -1.11184212e-15  6.11179277e-16  1.21995501e-05
 -1.62301840e-06 -9.07199766e-09  7.56660717e-10]
[ 0.00000000e+00 -8.42340916e-13 -9.87128763e-14  2.54145381e-11
 -8.81791544e-11 -1.11165567e-15  0.00000000e+00  1.37039504e-05
 -1.09864949e-06 -7.39949827e-09  4.40834982e-10]
[ 0.00000000e+00 -8.42468374e-13 -9.86962755e-14  2.54166682e-11
 -8.81892696e-11 -1.11169587e-15  0.00000000e+00  1.22026146e-05
 -1.62272856e-06 -9.07207009e-09  7.56733298e-10]


 
 
 
generation 1 

initial population:
[ 0.00000000e+00 -8.42363767e-13 -9.87128763e-14  2.54174049e-11
 -8.22610578e-11 -1.35917623e-15  3.81291619e-16  1.12438038e-05
 -1.62309475e-06 -9.07207009e-09  7.56733298e-10]
[ 0.00000000e+00 -7.98349104e-13  0.00000000e+00  0.00000000e+00
 -8.22517992e-11 -1.35917623e-15  3.81278375e-16  1.12429544e-05
 -1.62319124e-06 -9.07207009e-09  7.56733298e-10]
[ 0.00000000e+00 -7.98349104e-13  0.00000000e+00  0.00000000e+00
 -8.22698804e-11 -1.35917623e-15  3.81278375e-16  1.12429544e-05
 -1.62309475e-06 -9.07123495e-09  7.56856218e-10]
[ 0.00000000e+00 -7.98349104e-13  0.00000000e+00  0.00000000e+00
 -8.22508032e-11 -1.35913521e-15  3.81300295e-16  1.12436775e-05
 -1.62309475e-06 -9.07112210e-09  7.56733298e-10]
[ 0.00000000e+00 -8.42474406e-13 -9.86962755e-14  2.54174049e-11
 -8.81892696e-11 -1.11169613e-15  0.00000000e+00  1.12451076e-05
 -1.62287607e-06 -9.07305085e-09  7.56733298e-10]
[ 0.00000000e+00 -8.42340916e-13 -9.86962755e-14  2.54158129e-11
 -8.81892696e-11 -1.11184212e-15  0.00000000e+00  1.22004079e-05
 -1.62303212e-06 -9.07122895e-09  7.56733298e-10]
[ 0.00000000e+00 -8.42357077e-13 -9.87128763e-14  2.54174049e-11
 -8.81845576e-11 -1.11184212e-15  6.11179277e-16  1.21995501e-05
 -1.62301840e-06 -9.07199766e-09  7.56660717e-10]
[ 0.00000000e+00 -7.98349104e-13  0.00000000e+00  2.54174049e-11
 -8.81763138e-11 -1.11164477e-15  0.00000000e+00  1.22004079e-05
 -1.62331846e-06 -9.06968299e-09  7.56765569e-10]
[ 0.00000000e+00 -8.42469617e-13 -9.87128763e-14  2.54153972e-11
 -8.81892696e-11 -1.11184212e-15  6.11250399e-16  1.21995501e-05
 -1.62301840e-06 -9.07199766e-09  7.56623168e-10]
[ 0.00000000e+00 -8.42474406e-13 -9.86962755e-14  2.54174049e-11
 -8.81892696e-11 -1.11169587e-15  0.00000000e+00  1.22004079e-05
 -1.62294466e-06 -9.07199766e-09  7.56733298e-10]

parents after selection:
parent1 and its probability : [ 0.00000000e+00 -7.98349104e-13  0.00000000e+00  0.00000000e+00
 -8.22508032e-11 -1.35913521e-15  3.81300295e-16  1.12436775e-05
 -1.62309475e-06 -9.07112210e-09  7.56733298e-10]0.1375663612286811
parent2 and its probability:  [ 0.00000000e+00 -8.42340916e-13 -9.86962755e-14  2.54158129e-11
 -8.81892696e-11 -1.11184212e-15  0.00000000e+00  1.22004079e-05
 -1.62303212e-06 -9.07122895e-09  7.56733298e-10]0.06662638912922958
parents after selection:
parent1 and its probability : [ 0.00000000e+00 -7.98349104e-13  0.00000000e+00  0.00000000e+00
 -8.22698804e-11 -1.35917623e-15  3.81278375e-16  1.12429544e-05
 -1.62309475e-06 -9.07123495e-09  7.56856218e-10]0.13742775803490812
parent2 and its probability:  [ 0.00000000e+00 -7.98349104e-13  0.00000000e+00  0.00000000e+00
 -8.22698804e-11 -1.35917623e-15  3.81278375e-16  1.12429544e-05
 -1.62309475e-06 -9.07123495e-09  7.56856218e-10]0.13742775803490812
parents after selection:
parent1 and its probability : [ 0.00000000e+00 -8.42363767e-13 -9.87128763e-14  2.54174049e-11
 -8.22610578e-11 -1.35917623e-15  3.81291619e-16  1.12438038e-05
 -1.62309475e-06 -9.07207009e-09  7.56733298e-10]0.13756942291236604
parent2 and its probability:  [ 0.00000000e+00 -8.42469617e-13 -9.87128763e-14  2.54153972e-11
 -8.81892696e-11 -1.11184212e-15  6.11250399e-16  1.21995501e-05
 -1.62301840e-06 -9.07199766e-09  7.56623168e-10]0.0673251747214809
parents after selection:
parent1 and its probability : [ 0.00000000e+00 -7.98349104e-13  0.00000000e+00  0.00000000e+00
 -8.22508032e-11 -1.35913521e-15  3.81300295e-16  1.12436775e-05
 -1.62309475e-06 -9.07112210e-09  7.56733298e-10]0.1375663612286811
parent2 and its probability:  [ 0.00000000e+00 -8.42469617e-13 -9.87128763e-14  2.54153972e-11
 -8.81892696e-11 -1.11184212e-15  6.11250399e-16  1.21995501e-05
 -1.62301840e-06 -9.07199766e-09  7.56623168e-10]0.0673251747214809
parents after selection:
parent1 and its probability : [ 0.00000000e+00 -8.42363767e-13 -9.87128763e-14  2.54174049e-11
 -8.22610578e-11 -1.35917623e-15  3.81291619e-16  1.12438038e-05
 -1.62309475e-06 -9.07207009e-09  7.56733298e-10]0.13756942291236604
parent2 and its probability:  [ 0.00000000e+00 -7.98349104e-13  0.00000000e+00  0.00000000e+00
 -8.22698804e-11 -1.35917623e-15  3.81278375e-16  1.12429544e-05
 -1.62309475e-06 -9.07123495e-09  7.56856218e-10]0.13742775803490812
parents after selection:
parent1 and its probability : [ 0.00000000e+00 -8.42340916e-13 -9.86962755e-14  2.54158129e-11
 -8.81892696e-11 -1.11184212e-15  0.00000000e+00  1.22004079e-05
 -1.62303212e-06 -9.07122895e-09  7.56733298e-10]0.06662638912922958
parent2 and its probability:  [ 0.00000000e+00 -8.42474406e-13 -9.86962755e-14  2.54174049e-11
 -8.81892696e-11 -1.11169587e-15  0.00000000e+00  1.22004079e-05
 -1.62294466e-06 -9.07199766e-09  7.56733298e-10]0.06649402051567045
parents after selection:
parent1 and its probability : [ 0.00000000e+00 -8.42474406e-13 -9.86962755e-14  2.54174049e-11
 -8.81892696e-11 -1.11169587e-15  0.00000000e+00  1.22004079e-05
 -1.62294466e-06 -9.07199766e-09  7.56733298e-10]0.06649402051567045
parent2 and its probability:  [ 0.00000000e+00 -7.98349104e-13  0.00000000e+00  0.00000000e+00
 -8.22508032e-11 -1.35913521e-15  3.81300295e-16  1.12436775e-05
 -1.62309475e-06 -9.07112210e-09  7.56733298e-10]0.1375663612286811
parents after selection:
parent1 and its probability : [ 0.00000000e+00 -7.98349104e-13  0.00000000e+00  0.00000000e+00
 -8.22517992e-11 -1.35917623e-15  3.81278375e-16  1.12429544e-05
 -1.62319124e-06 -9.07207009e-09  7.56733298e-10]0.13757880562924577
parent2 and its probability:  [ 0.00000000e+00 -8.42469617e-13 -9.87128763e-14  2.54153972e-11
 -8.81892696e-11 -1.11184212e-15  6.11250399e-16  1.21995501e-05
 -1.62301840e-06 -9.07199766e-09  7.56623168e-10]0.0673251747214809
parents after selection:
parent1 and its probability : [ 0.00000000e+00 -7.98349104e-13  0.00000000e+00  0.00000000e+00
 -8.22698804e-11 -1.35917623e-15  3.81278375e-16  1.12429544e-05
 -1.62309475e-06 -9.07123495e-09  7.56856218e-10]0.13742775803490812
parent2 and its probability:  [ 0.00000000e+00 -7.98349104e-13  0.00000000e+00  0.00000000e+00
 -8.22698804e-11 -1.35917623e-15  3.81278375e-16  1.12429544e-05
 -1.62309475e-06 -9.07123495e-09  7.56856218e-10]0.13742775803490812
parents after selection:
parent1 and its probability : [ 0.00000000e+00 -8.42357077e-13 -9.87128763e-14  2.54174049e-11
 -8.81845576e-11 -1.11184212e-15  6.11179277e-16  1.21995501e-05
 -1.62301840e-06 -9.07199766e-09  7.56660717e-10]0.06711724664701653
parent2 and its probability:  [ 0.00000000e+00 -7.98349104e-13  0.00000000e+00  0.00000000e+00
 -8.22698804e-11 -1.35917623e-15  3.81278375e-16  1.12429544e-05
 -1.62309475e-06 -9.07123495e-09  7.56856218e-10]0.13742775803490812
population after corssover:
[ 0.00000000e+00 -7.98349104e-13  0.00000000e+00  0.00000000e+00
 -8.81892696e-11 -1.11184212e-15  0.00000000e+00  1.22004079e-05
 -1.62303212e-06 -9.07122895e-09  7.56733298e-10]
[ 0.00000000e+00 -7.98349104e-13  0.00000000e+00  0.00000000e+00
 -8.22698804e-11 -1.35917623e-15  3.81278375e-16  1.12429544e-05
 -1.62309475e-06 -9.07123495e-09  7.56856218e-10]
[ 0.00000000e+00 -8.42363767e-13 -9.87128763e-14  2.54174049e-11
 -8.22610578e-11 -1.35917623e-15  3.81291619e-16  1.12438038e-05
 -1.62309475e-06 -9.07199766e-09  7.56623168e-10]
[ 0.00000000e+00 -7.98349104e-13  0.00000000e+00  0.00000000e+00
 -8.22508032e-11 -1.35913521e-15  3.81300295e-16  1.12436775e-05
 -1.62301840e-06 -9.07199766e-09  7.56623168e-10]
[ 0.00000000e+00 -8.42363767e-13 -9.87128763e-14  2.54174049e-11
 -8.22610578e-11 -1.35917623e-15  3.81291619e-16  1.12438038e-05
 -1.62309475e-06 -9.07207009e-09  7.56856218e-10]
[ 0.00000000e+00 -8.42340916e-13 -9.86962755e-14  2.54158129e-11
 -8.81892696e-11 -1.11184212e-15  0.00000000e+00  1.22004079e-05
 -1.62294466e-06 -9.07199766e-09  7.56733298e-10]
[ 0.00000000e+00 -8.42474406e-13 -9.86962755e-14  2.54174049e-11
 -8.81892696e-11 -1.11169587e-15  0.00000000e+00  1.12436775e-05
 -1.62309475e-06 -9.07112210e-09  7.56733298e-10]
[ 0.00000000e+00 -7.98349104e-13  0.00000000e+00  0.00000000e+00
 -8.22517992e-11 -1.35917623e-15  3.81278375e-16  1.12429544e-05
 -1.62319124e-06 -9.07199766e-09  7.56623168e-10]
[ 0.00000000e+00 -7.98349104e-13  0.00000000e+00  0.00000000e+00
 -8.22698804e-11 -1.35917623e-15  3.81278375e-16  1.12429544e-05
 -1.62309475e-06 -9.07123495e-09  7.56856218e-10]
[ 0.00000000e+00 -8.42357077e-13 -9.87128763e-14  2.54174049e-11
 -8.81845576e-11 -1.11184212e-15  6.11179277e-16  1.21995501e-05
 -1.62301840e-06 -9.07123495e-09  7.56856218e-10]

population after mutation:
[ 0.00000000e+00 -7.98349104e-13  0.00000000e+00  0.00000000e+00
 -8.81900026e-11 -1.11172910e-15  0.00000000e+00  1.22004079e-05
 -1.62323584e-06 -9.07122895e-09  7.56733298e-10]
[ 0.00000000e+00 -7.98349104e-13  0.00000000e+00  0.00000000e+00
 -8.22698804e-11 -1.35917623e-15  3.81278375e-16  1.12429544e-05
 -1.62309475e-06 -9.07114879e-09  7.56856218e-10]
[ 0.00000000e+00 -8.42363767e-13 -9.87128763e-14  2.54174049e-11
 -8.22610578e-11 -1.35917623e-15  3.81291619e-16  1.12438038e-05
 -1.62309475e-06 -9.07199766e-09  7.56623168e-10]
[ 0.00000000e+00 -7.98349104e-13  0.00000000e+00  0.00000000e+00
 -8.22587810e-11 -1.35913521e-15  3.81306414e-16  1.12438489e-05
 -1.62301840e-06 -9.07199766e-09  7.56623168e-10]
[ 0.00000000e+00 -8.42363767e-13 -9.87128763e-14  2.54172753e-11
 -8.22610578e-11 -1.35917623e-15  3.81291619e-16  1.12456211e-05
 -1.62333724e-06 -9.07207009e-09  7.56856218e-10]
[ 0.00000000e+00 -8.42231112e-13 -9.86962755e-14  2.54158129e-11
 -8.81892696e-11 -1.11184212e-15  0.00000000e+00  1.22004079e-05
 -1.62294466e-06 -9.07199766e-09  7.56733298e-10]
[ 0.00000000e+00 -8.42474406e-13 -9.86962755e-14  2.54196445e-11
 -8.81892696e-11 -1.11169587e-15  0.00000000e+00  1.12436775e-05
 -1.62292461e-06 -9.07112210e-09  7.56733298e-10]
[ 0.00000000e+00 -7.98349104e-13  0.00000000e+00  0.00000000e+00
 -8.22517992e-11 -1.35917623e-15  3.81278375e-16  1.12429544e-05
 -1.62348416e-06 -9.07199766e-09  7.56623168e-10]
[ 0.00000000e+00 -7.98349104e-13  0.00000000e+00  0.00000000e+00
 -8.22698804e-11 -1.35917623e-15  3.81278375e-16  1.12429544e-05
 -1.62309475e-06 -9.07229361e-09  7.56856218e-10]
[ 0.00000000e+00 -8.42357077e-13 -9.87128763e-14  2.54198847e-11
 -8.81845576e-11 -1.11184212e-15  6.11179277e-16  1.21995501e-05
 -1.62301840e-06 -9.07229305e-09  7.56806800e-10]


 
 
 
generation 1 

initial population:
[ 0.00000000e+00 -7.98452518e-13  0.00000000e+00  0.00000000e+00
 -8.22517992e-11 -1.35917623e-15  3.81278375e-16  1.12412687e-05
 -1.62318994e-06 -9.07199766e-09  7.56623168e-10]
[ 0.00000000e+00 -8.42363767e-13 -9.87128763e-14  2.54165934e-11
 -8.22610578e-11 -1.35917623e-15  3.81291619e-16  1.12438038e-05
 -1.62309475e-06 -9.07199766e-09  7.56623168e-10]
[ 0.00000000e+00 -7.98349104e-13  0.00000000e+00  0.00000000e+00
 -8.22587810e-11 -1.35902880e-15  3.81306414e-16  1.12438489e-05
 -1.62301840e-06 -9.07045444e-09  7.56623168e-10]
[ 0.00000000e+00 -7.98349104e-13  0.00000000e+00  0.00000000e+00
 -8.22517992e-11 -1.35917623e-15  3.81278375e-16  1.12429544e-05
 -1.62319124e-06 -9.07207009e-09  7.56733298e-10]
[ 0.00000000e+00 -8.42363767e-13 -9.87128763e-14  2.54174049e-11
 -8.22610578e-11 -1.35917623e-15  3.81291619e-16  1.12438038e-05
 -1.62309475e-06 -9.07122516e-09  7.56805022e-10]
[ 0.00000000e+00 -7.98349104e-13  0.00000000e+00  0.00000000e+00
 -8.22508032e-11 -1.35914604e-15  3.81300295e-16  1.12442036e-05
 -1.62309475e-06 -9.07112210e-09  7.56733298e-10]
[ 0.00000000e+00 -8.42363767e-13 -9.87123484e-14  2.54172753e-11
 -8.22501677e-11 -1.35917623e-15  3.81291619e-16  1.12456211e-05
 -1.62333724e-06 -9.07207009e-09  7.56856218e-10]
[ 0.00000000e+00 -7.98349104e-13  0.00000000e+00  0.00000000e+00
 -8.22622735e-11 -1.35917623e-15  3.81278375e-16  1.12429544e-05
 -1.62309475e-06 -9.07229361e-09  7.56856218e-10]
[ 0.00000000e+00 -7.98349104e-13  0.00000000e+00  0.00000000e+00
 -8.22698804e-11 -1.35906337e-15  3.81278375e-16  1.12429544e-05
 -1.62309475e-06 -9.07123495e-09  7.56856218e-10]
[ 0.00000000e+00 -7.98349104e-13  0.00000000e+00  0.00000000e+00
 -8.22698804e-11 -1.35917623e-15  3.81252654e-16  1.12429544e-05
 -1.62309475e-06 -9.07114879e-09  7.56856218e-10]

parents after selection:
parent1 and its probability : [ 0.00000000e+00 -7.98452518e-13  0.00000000e+00  0.00000000e+00
 -8.22517992e-11 -1.35917623e-15  3.81278375e-16  1.12412687e-05
 -1.62318994e-06 -9.07199766e-09  7.56623168e-10]0.10007598912455566
parent2 and its probability:  [ 0.00000000e+00 -8.42363767e-13 -9.87128763e-14  2.54165934e-11
 -8.22610578e-11 -1.35917623e-15  3.81291619e-16  1.12438038e-05
 -1.62309475e-06 -9.07199766e-09  7.56623168e-10]0.10009001456016157
parents after selection:
parent1 and its probability : [ 0.00000000e+00 -7.98349104e-13  0.00000000e+00  0.00000000e+00
 -8.22508032e-11 -1.35914604e-15  3.81300295e-16  1.12442036e-05
 -1.62309475e-06 -9.07112210e-09  7.56733298e-10]0.10002154882189336
parent2 and its probability:  [ 0.00000000e+00 -7.98349104e-13  0.00000000e+00  0.00000000e+00
 -8.22698804e-11 -1.35917623e-15  3.81252654e-16  1.12429544e-05
 -1.62309475e-06 -9.07114879e-09  7.56856218e-10]0.09991696374180628
parents after selection:
parent1 and its probability : [ 0.00000000e+00 -7.98349104e-13  0.00000000e+00  0.00000000e+00
 -8.22698804e-11 -1.35906337e-15  3.81278375e-16  1.12429544e-05
 -1.62309475e-06 -9.07123495e-09  7.56856218e-10]0.09991708310031709
parent2 and its probability:  [ 0.00000000e+00 -7.98349104e-13  0.00000000e+00  0.00000000e+00
 -8.22517992e-11 -1.35917623e-15  3.81278375e-16  1.12429544e-05
 -1.62319124e-06 -9.07207009e-09  7.56733298e-10]0.10002717639982354
parents after selection:
parent1 and its probability : [ 0.00000000e+00 -8.42363767e-13 -9.87123484e-14  2.54172753e-11
 -8.22501677e-11 -1.35917623e-15  3.81291619e-16  1.12456211e-05
 -1.62333724e-06 -9.07207009e-09  7.56856218e-10]0.0999812991170478
parent2 and its probability:  [ 0.00000000e+00 -8.42363767e-13 -9.87128763e-14  2.54165934e-11
 -8.22610578e-11 -1.35917623e-15  3.81291619e-16  1.12438038e-05
 -1.62309475e-06 -9.07199766e-09  7.56623168e-10]0.10009001456016157
parents after selection:
parent1 and its probability : [ 0.00000000e+00 -8.42363767e-13 -9.87128763e-14  2.54174049e-11
 -8.22610578e-11 -1.35917623e-15  3.81291619e-16  1.12438038e-05
 -1.62309475e-06 -9.07122516e-09  7.56805022e-10]0.09996451181871009
parent2 and its probability:  [ 0.00000000e+00 -7.98349104e-13  0.00000000e+00  0.00000000e+00
 -8.22508032e-11 -1.35914604e-15  3.81300295e-16  1.12442036e-05
 -1.62309475e-06 -9.07112210e-09  7.56733298e-10]0.10002154882189336
parents after selection:
parent1 and its probability : [ 0.00000000e+00 -7.98452518e-13  0.00000000e+00  0.00000000e+00
 -8.22517992e-11 -1.35917623e-15  3.81278375e-16  1.12412687e-05
 -1.62318994e-06 -9.07199766e-09  7.56623168e-10]0.10007598912455566
parent2 and its probability:  [ 0.00000000e+00 -7.98452518e-13  0.00000000e+00  0.00000000e+00
 -8.22517992e-11 -1.35917623e-15  3.81278375e-16  1.12412687e-05
 -1.62318994e-06 -9.07199766e-09  7.56623168e-10]0.10007598912455566
parents after selection:
parent1 and its probability : [ 0.00000000e+00 -7.98349104e-13  0.00000000e+00  0.00000000e+00
 -8.22698804e-11 -1.35917623e-15  3.81252654e-16  1.12429544e-05
 -1.62309475e-06 -9.07114879e-09  7.56856218e-10]0.09991696374180628
parent2 and its probability:  [ 0.00000000e+00 -7.98349104e-13  0.00000000e+00  0.00000000e+00
 -8.22517992e-11 -1.35917623e-15  3.81278375e-16  1.12429544e-05
 -1.62319124e-06 -9.07207009e-09  7.56733298e-10]0.10002717639982354
parents after selection:
parent1 and its probability : [ 0.00000000e+00 -7.98349104e-13  0.00000000e+00  0.00000000e+00
 -8.22622735e-11 -1.35917623e-15  3.81278375e-16  1.12429544e-05
 -1.62309475e-06 -9.07229361e-09  7.56856218e-10]0.09992187240497422
parent2 and its probability:  [ 0.00000000e+00 -7.98349104e-13  0.00000000e+00  0.00000000e+00
 -8.22622735e-11 -1.35917623e-15  3.81278375e-16  1.12429544e-05
 -1.62309475e-06 -9.07229361e-09  7.56856218e-10]0.09992187240497422
parents after selection:
parent1 and its probability : [ 0.00000000e+00 -8.42363767e-13 -9.87128763e-14  2.54165934e-11
 -8.22610578e-11 -1.35917623e-15  3.81291619e-16  1.12438038e-05
 -1.62309475e-06 -9.07199766e-09  7.56623168e-10]0.10009001456016157
parent2 and its probability:  [ 0.00000000e+00 -7.98349104e-13  0.00000000e+00  0.00000000e+00
 -8.22698804e-11 -1.35906337e-15  3.81278375e-16  1.12429544e-05
 -1.62309475e-06 -9.07123495e-09  7.56856218e-10]0.09991708310031709
parents after selection:
parent1 and its probability : [ 0.00000000e+00 -8.42363767e-13 -9.87128763e-14  2.54165934e-11
 -8.22610578e-11 -1.35917623e-15  3.81291619e-16  1.12438038e-05
 -1.62309475e-06 -9.07199766e-09  7.56623168e-10]0.10009001456016157
parent2 and its probability:  [ 0.00000000e+00 -7.98349104e-13  0.00000000e+00  0.00000000e+00
 -8.22622735e-11 -1.35917623e-15  3.81278375e-16  1.12429544e-05
 -1.62309475e-06 -9.07229361e-09  7.56856218e-10]0.09992187240497422
population after corssover:
[ 0.00000000e+00 -7.98452518e-13  0.00000000e+00  0.00000000e+00
 -8.22517992e-11 -1.35917623e-15  3.81291619e-16  1.12438038e-05
 -1.62309475e-06 -9.07199766e-09  7.56623168e-10]
[ 0.00000000e+00 -7.98349104e-13  0.00000000e+00  0.00000000e+00
 -8.22508032e-11 -1.35917623e-15  3.81252654e-16  1.12429544e-05
 -1.62309475e-06 -9.07114879e-09  7.56856218e-10]
[ 0.00000000e+00 -7.98349104e-13  0.00000000e+00  0.00000000e+00
 -8.22698804e-11 -1.35906337e-15  3.81278375e-16  1.12429544e-05
 -1.62319124e-06 -9.07207009e-09  7.56733298e-10]
[ 0.00000000e+00 -8.42363767e-13 -9.87123484e-14  2.54172753e-11
 -8.22610578e-11 -1.35917623e-15  3.81291619e-16  1.12438038e-05
 -1.62309475e-06 -9.07199766e-09  7.56623168e-10]
[ 0.00000000e+00 -8.42363767e-13 -9.87128763e-14  2.54174049e-11
 -8.22610578e-11 -1.35917623e-15  3.81291619e-16  1.12442036e-05
 -1.62309475e-06 -9.07112210e-09  7.56733298e-10]
[ 0.00000000e+00 -7.98452518e-13  0.00000000e+00  0.00000000e+00
 -8.22517992e-11 -1.35917623e-15  3.81278375e-16  1.12412687e-05
 -1.62318994e-06 -9.07199766e-09  7.56623168e-10]
[ 0.00000000e+00 -7.98349104e-13  0.00000000e+00  0.00000000e+00
 -8.22517992e-11 -1.35917623e-15  3.81278375e-16  1.12429544e-05
 -1.62319124e-06 -9.07207009e-09  7.56733298e-10]
[ 0.00000000e+00 -7.98349104e-13  0.00000000e+00  0.00000000e+00
 -8.22622735e-11 -1.35917623e-15  3.81278375e-16  1.12429544e-05
 -1.62309475e-06 -9.07229361e-09  7.56856218e-10]
[ 0.00000000e+00 -8.42363767e-13 -9.87128763e-14  0.00000000e+00
 -8.22698804e-11 -1.35906337e-15  3.81278375e-16  1.12429544e-05
 -1.62309475e-06 -9.07123495e-09  7.56856218e-10]
[ 0.00000000e+00 -8.42363767e-13  0.00000000e+00  0.00000000e+00
 -8.22622735e-11 -1.35917623e-15  3.81278375e-16  1.12429544e-05
 -1.62309475e-06 -9.07229361e-09  7.56856218e-10]

population after mutation:
[ 0.00000000e+00 -7.98452518e-13  0.00000000e+00  0.00000000e+00
 -8.22517992e-11 -1.35917623e-15  3.81291619e-16  1.12438038e-05
 -1.62309475e-06 -9.07199766e-09  7.56623168e-10]
[ 0.00000000e+00 -7.98349104e-13  0.00000000e+00  0.00000000e+00
 -8.22471237e-11 -1.35917623e-15  3.81252654e-16  1.12429544e-05
 -1.62309475e-06 -9.07114879e-09  7.56899463e-10]
[ 0.00000000e+00 -7.98349104e-13  0.00000000e+00  0.00000000e+00
 -8.22698804e-11 -1.35906337e-15  3.81278375e-16  1.12429544e-05
 -1.62348023e-06 -9.07207009e-09  7.56733298e-10]
[ 0.00000000e+00 -8.42363767e-13 -9.87123484e-14  2.54124966e-11
 -8.22610578e-11 -1.35917623e-15  3.81291619e-16  1.12438038e-05
 -1.62309475e-06 -9.07199766e-09  7.56623168e-10]
[ 0.00000000e+00 -8.42404886e-13 -9.87128763e-14  2.54174049e-11
 -8.22610578e-11 -1.35896937e-15  3.81291619e-16  1.12425565e-05
 -1.62309475e-06 -9.07270410e-09  7.56582393e-10]
[ 0.00000000e+00 -7.98452518e-13  0.00000000e+00  0.00000000e+00
 -8.22517992e-11 -1.35917623e-15  3.81338849e-16  1.12412687e-05
 -1.62318994e-06 -9.07199766e-09  7.56623168e-10]
[ 0.00000000e+00 -7.98349104e-13  0.00000000e+00  0.00000000e+00
 -8.22517992e-11 -1.35917623e-15  3.81278375e-16  1.12429544e-05
 -1.62319124e-06 -9.07207009e-09  7.56733298e-10]
[ 0.00000000e+00 -7.98349104e-13  0.00000000e+00  0.00000000e+00
 -8.22622735e-11 -1.35917623e-15  3.81278375e-16  1.12429544e-05
 -1.62309475e-06 -9.07229361e-09  7.56888590e-10]
[ 0.00000000e+00 -8.42363767e-13 -9.87207083e-14  0.00000000e+00
 -8.22698804e-11 -1.35906337e-15  3.81278375e-16  1.12429544e-05
 -1.62309475e-06 -9.07123495e-09  7.56856218e-10]
[ 0.00000000e+00 -8.42363767e-13  0.00000000e+00  0.00000000e+00
 -8.22622735e-11 -1.35917623e-15  3.81278375e-16  1.12446224e-05
 -1.62309475e-06 -9.07229361e-09  7.56856218e-10]

