
 
 
 first gen of this is last gen of at3
generation 2

initial population:
[ 0.00000000e+00 -1.08139847e-12 -7.98642326e-14  2.31540475e-11
 -1.21451202e-10 -8.60992426e-16  6.83533856e-16  1.89925768e-05
 -1.36714781e-06 -6.75754594e-09  5.14013169e-10]
[ 0.00000000e+00 -1.08132787e-12 -7.98714896e-14  2.31511585e-11
 -1.21451202e-10 -8.60992426e-16  6.83533856e-16  1.89902391e-05
 -1.36766068e-06 -6.75717533e-09  5.14054802e-10]
[ 0.00000000e+00 -1.08139847e-12 -7.98563335e-14  2.31540475e-11
 -1.21451202e-10 -8.60992426e-16  6.83533856e-16  1.89928632e-05
 -1.36766068e-06 -6.75754594e-09  5.13986507e-10]
[ 0.00000000e+00 -1.08139847e-12 -7.98563335e-14  2.31517824e-11
 -1.21451202e-10 -8.60992426e-16  6.83533856e-16  1.89928632e-05
 -1.36766251e-06 -6.75754594e-09  5.13947585e-10]
[ 0.00000000e+00 -1.08139847e-12 -7.98563335e-14  2.31536401e-11
 -1.21455897e-10 -8.60992426e-16  6.83533856e-16  1.89928632e-05
 -1.36754115e-06 -6.75754594e-09  5.13949477e-10]
[ 0.00000000e+00 -1.08139847e-12 -7.98563335e-14  2.31540475e-11
 -1.21452147e-10 -8.61056949e-16  6.83533856e-16  1.89947603e-05
 -1.36766068e-06 -6.75782519e-09  5.14013169e-10]
[ 0.00000000e+00 -1.28278380e-12 -1.55769985e-13  1.53594885e-11
 -9.49394882e-11 -8.60992426e-16  6.83425606e-16  1.89928632e-05
 -1.36766068e-06 -6.75878688e-09  5.14013169e-10]
[ 0.00000000e+00 -1.08150926e-12 -7.98563335e-14  2.31540475e-11
 -1.21471549e-10 -8.61095161e-16  6.83533856e-16  1.89928632e-05
 -1.36766068e-06 -6.75754594e-09  5.13930670e-10]
[ 0.00000000e+00 -1.08124347e-12 -7.98563335e-14  2.31540475e-11
 -1.21451202e-10 -8.60992426e-16  6.83533856e-16  1.89915993e-05
 -1.22262516e-06 -7.49319506e-09  4.91005657e-10]
[ 0.00000000e+00 -1.21052594e-12 -9.21404582e-14  1.91168113e-11
 -1.04568884e-10 -1.59605250e-15  6.83354376e-16  1.89928632e-05
 -1.36766068e-06 -6.75805001e-09  5.14028072e-10]

parents after selection:
parent1 and its probability : [ 0.00000000e+00 -1.08132787e-12 -7.98714896e-14  2.31511585e-11
 -1.21451202e-10 -8.60992426e-16  6.83533856e-16  1.89902391e-05
 -1.36766068e-06 -6.75717533e-09  5.14054802e-10]0.11611849459155596
parent2 and its probability:  [ 0.00000000e+00 -1.08139847e-12 -7.98563335e-14  2.31540475e-11
 -1.21452147e-10 -8.61056949e-16  6.83533856e-16  1.89947603e-05
 -1.36766068e-06 -6.75782519e-09  5.14013169e-10]0.1159406617573987
parents after selection:
parent1 and its probability : [ 0.00000000e+00 -1.08150926e-12 -7.98563335e-14  2.31540475e-11
 -1.21471549e-10 -8.61095161e-16  6.83533856e-16  1.89928632e-05
 -1.36766068e-06 -6.75754594e-09  5.13930670e-10]0.11532900902695914
parent2 and its probability:  [ 0.00000000e+00 -1.28278380e-12 -1.55769985e-13  1.53594885e-11
 -9.49394882e-11 -8.60992426e-16  6.83425606e-16  1.89928632e-05
 -1.36766068e-06 -6.75878688e-09  5.14013169e-10]0.11575895678724082
parents after selection:
parent1 and its probability : [ 0.00000000e+00 -1.28278380e-12 -1.55769985e-13  1.53594885e-11
 -9.49394882e-11 -8.60992426e-16  6.83425606e-16  1.89928632e-05
 -1.36766068e-06 -6.75878688e-09  5.14013169e-10]0.11575895678724082
parent2 and its probability:  [ 0.00000000e+00 -1.08139847e-12 -7.98563335e-14  2.31536401e-11
 -1.21455897e-10 -8.60992426e-16  6.83533856e-16  1.89928632e-05
 -1.36754115e-06 -6.75754594e-09  5.13949477e-10]0.11579908565132029
parents after selection:
parent1 and its probability : [ 0.00000000e+00 -1.08139847e-12 -7.98642326e-14  2.31540475e-11
 -1.21451202e-10 -8.60992426e-16  6.83533856e-16  1.89925768e-05
 -1.36714781e-06 -6.75754594e-09  5.14013169e-10]0.11724833620447042
parent2 and its probability:  [ 0.00000000e+00 -1.08139847e-12 -7.98563335e-14  2.31517824e-11
 -1.21451202e-10 -8.60992426e-16  6.83533856e-16  1.89928632e-05
 -1.36766251e-06 -6.75754594e-09  5.13947585e-10]0.11546281059375513
parents after selection:
parent1 and its probability : [ 0.00000000e+00 -1.28278380e-12 -1.55769985e-13  1.53594885e-11
 -9.49394882e-11 -8.60992426e-16  6.83425606e-16  1.89928632e-05
 -1.36766068e-06 -6.75878688e-09  5.14013169e-10]0.11575895678724082
parent2 and its probability:  [ 0.00000000e+00 -1.28278380e-12 -1.55769985e-13  1.53594885e-11
 -9.49394882e-11 -8.60992426e-16  6.83425606e-16  1.89928632e-05
 -1.36766068e-06 -6.75878688e-09  5.14013169e-10]0.11575895678724082
parents after selection:
parent1 and its probability : [ 0.00000000e+00 -1.28278380e-12 -1.55769985e-13  1.53594885e-11
 -9.49394882e-11 -8.60992426e-16  6.83425606e-16  1.89928632e-05
 -1.36766068e-06 -6.75878688e-09  5.14013169e-10]0.11575895678724082
parent2 and its probability:  [ 0.00000000e+00 -1.28278380e-12 -1.55769985e-13  1.53594885e-11
 -9.49394882e-11 -8.60992426e-16  6.83425606e-16  1.89928632e-05
 -1.36766068e-06 -6.75878688e-09  5.14013169e-10]0.11575895678724082
parents after selection:
parent1 and its probability : [ 0.00000000e+00 -1.08139847e-12 -7.98563335e-14  2.31540475e-11
 -1.21452147e-10 -8.61056949e-16  6.83533856e-16  1.89947603e-05
 -1.36766068e-06 -6.75782519e-09  5.14013169e-10]0.1159406617573987
parent2 and its probability:  [ 0.00000000e+00 -1.08139847e-12 -7.98563335e-14  2.31540475e-11
 -1.21451202e-10 -8.60992426e-16  6.83533856e-16  1.89928632e-05
 -1.36766068e-06 -6.75754594e-09  5.13986507e-10]0.11572922618192569
parents after selection:
parent1 and its probability : [ 0.00000000e+00 -1.08139847e-12 -7.98563335e-14  2.31540475e-11
 -1.21452147e-10 -8.61056949e-16  6.83533856e-16  1.89947603e-05
 -1.36766068e-06 -6.75782519e-09  5.14013169e-10]0.1159406617573987
parent2 and its probability:  [ 0.00000000e+00 -1.08139847e-12 -7.98563335e-14  2.31536401e-11
 -1.21455897e-10 -8.60992426e-16  6.83533856e-16  1.89928632e-05
 -1.36754115e-06 -6.75754594e-09  5.13949477e-10]0.11579908565132029
parents after selection:
parent1 and its probability : [ 0.00000000e+00 -1.08139847e-12 -7.98642326e-14  2.31540475e-11
 -1.21451202e-10 -8.60992426e-16  6.83533856e-16  1.89925768e-05
 -1.36714781e-06 -6.75754594e-09  5.14013169e-10]0.11724833620447042
parent2 and its probability:  [ 0.00000000e+00 -1.08139847e-12 -7.98563335e-14  2.31517824e-11
 -1.21451202e-10 -8.60992426e-16  6.83533856e-16  1.89928632e-05
 -1.36766251e-06 -6.75754594e-09  5.13947585e-10]0.11546281059375513
parents after selection:
parent1 and its probability : [ 0.00000000e+00 -1.08139847e-12 -7.98563335e-14  2.31536401e-11
 -1.21455897e-10 -8.60992426e-16  6.83533856e-16  1.89928632e-05
 -1.36754115e-06 -6.75754594e-09  5.13949477e-10]0.11579908565132029
parent2 and its probability:  [ 0.00000000e+00 -1.08139847e-12 -7.98563335e-14  2.31540475e-11
 -1.21451202e-10 -8.60992426e-16  6.83533856e-16  1.89928632e-05
 -1.36766068e-06 -6.75754594e-09  5.13986507e-10]0.11572922618192569
population after corssover:
[ 0.00000000e+00 -1.08132787e-12 -7.98714896e-14  2.31511585e-11
 -1.21451202e-10 -8.61056949e-16  6.83533856e-16  1.89947603e-05
 -1.36766068e-06 -6.75782519e-09  5.14013169e-10]
[ 0.00000000e+00 -1.08150926e-12 -1.55769985e-13  1.53594885e-11
 -9.49394882e-11 -8.60992426e-16  6.83425606e-16  1.89928632e-05
 -1.36766068e-06 -6.75878688e-09  5.14013169e-10]
[ 0.00000000e+00 -1.28278380e-12 -7.98563335e-14  2.31536401e-11
 -1.21455897e-10 -8.60992426e-16  6.83533856e-16  1.89928632e-05
 -1.36754115e-06 -6.75754594e-09  5.13949477e-10]
[ 0.00000000e+00 -1.08139847e-12 -7.98563335e-14  2.31517824e-11
 -1.21451202e-10 -8.60992426e-16  6.83533856e-16  1.89928632e-05
 -1.36766251e-06 -6.75754594e-09  5.13947585e-10]
[ 0.00000000e+00 -1.28278380e-12 -1.55769985e-13  1.53594885e-11
 -9.49394882e-11 -8.60992426e-16  6.83425606e-16  1.89928632e-05
 -1.36766068e-06 -6.75878688e-09  5.14013169e-10]
[ 0.00000000e+00 -1.28278380e-12 -1.55769985e-13  1.53594885e-11
 -9.49394882e-11 -8.60992426e-16  6.83425606e-16  1.89928632e-05
 -1.36766068e-06 -6.75878688e-09  5.14013169e-10]
[ 0.00000000e+00 -1.08139847e-12 -7.98563335e-14  2.31540475e-11
 -1.21451202e-10 -8.60992426e-16  6.83533856e-16  1.89928632e-05
 -1.36766068e-06 -6.75754594e-09  5.13986507e-10]
[ 0.00000000e+00 -1.08139847e-12 -7.98563335e-14  2.31540475e-11
 -1.21452147e-10 -8.60992426e-16  6.83533856e-16  1.89928632e-05
 -1.36754115e-06 -6.75754594e-09  5.13949477e-10]
[ 0.00000000e+00 -1.08139847e-12 -7.98642326e-14  2.31540475e-11
 -1.21451202e-10 -8.60992426e-16  6.83533856e-16  1.89925768e-05
 -1.36714781e-06 -6.75754594e-09  5.13947585e-10]
[ 0.00000000e+00 -1.08139847e-12 -7.98563335e-14  2.31540475e-11
 -1.21451202e-10 -8.60992426e-16  6.83533856e-16  1.89928632e-05
 -1.36766068e-06 -6.75754594e-09  5.13986507e-10]

population after mutation:
[ 0.00000000e+00 -1.08132787e-12 -7.98822468e-14  2.31511585e-11
 -1.21451202e-10 -8.61056949e-16  6.83533856e-16  1.89937771e-05
 -1.36766068e-06 -6.75782519e-09  5.14013169e-10]
[ 0.00000000e+00 -1.08150926e-12 -1.55769985e-13  1.53594885e-11
 -9.49394882e-11 -8.60992426e-16  6.83475932e-16  1.89901360e-05
 -1.36766068e-06 -6.75878688e-09  5.14058724e-10]
[ 0.00000000e+00 -1.28278380e-12 -7.98623061e-14  2.31536401e-11
 -1.21455897e-10 -8.60992426e-16  6.83533856e-16  1.89928632e-05
 -1.36754115e-06 -6.75874617e-09  5.13949477e-10]
[ 0.00000000e+00 -1.08139847e-12 -7.98563335e-14  2.31557421e-11
 -1.21451202e-10 -8.60992426e-16  6.83533856e-16  1.89928632e-05
 -1.36758958e-06 -6.75754594e-09  5.13947585e-10]
[ 0.00000000e+00 -1.28292115e-12 -1.55769985e-13  1.53594885e-11
 -9.49394882e-11 -8.60992426e-16  6.83425606e-16  1.89905820e-05
 -1.36766068e-06 -6.75896304e-09  5.13992616e-10]
[ 0.00000000e+00 -1.28264005e-12 -1.55769985e-13  1.53594885e-11
 -9.49394882e-11 -8.60992426e-16  6.83353755e-16  1.89933411e-05
 -1.36766068e-06 -6.75878688e-09  5.14073973e-10]
[ 0.00000000e+00 -1.08139847e-12 -7.98563335e-14  2.31540475e-11
 -1.21451202e-10 -8.60992426e-16  6.83533856e-16  1.89952311e-05
 -1.36766068e-06 -6.75754594e-09  5.13986507e-10]
[ 0.00000000e+00 -1.08139847e-12 -7.98563335e-14  2.31540475e-11
 -1.21452147e-10 -8.60992426e-16  6.83655931e-16  1.89928632e-05
 -1.36752621e-06 -6.75754594e-09  5.13900324e-10]
[ 0.00000000e+00 -1.08139847e-12 -7.98642326e-14  2.31540475e-11
 -1.21475201e-10 -8.60992426e-16  6.83664879e-16  1.89930980e-05
 -1.36714781e-06 -6.75754594e-09  5.13947585e-10]
[ 0.00000000e+00 -1.08139847e-12 -7.98563335e-14  2.31540475e-11
 -1.21448119e-10 -8.61162327e-16  6.83533856e-16  1.89928632e-05
 -1.36792955e-06 -6.75754594e-09  5.13987239e-10]


 
 
 
generation 2

initial population:
[ 0.00000000e+00 -1.08139847e-12 -7.98520088e-14  2.31526337e-11
 -1.21451202e-10 -8.60992426e-16  6.83533856e-16  1.89924101e-05
 -1.36704082e-06 -6.75754594e-09  5.14013169e-10]
[ 0.00000000e+00 -1.08139847e-12 -7.98642326e-14  2.31540475e-11
 -1.21475201e-10 -8.60929172e-16  6.83664879e-16  1.89914746e-05
 -1.36713609e-06 -6.75754594e-09  5.13947585e-10]
[ 0.00000000e+00 -1.28264005e-12 -1.55769985e-13  1.53594885e-11
 -9.49394882e-11 -8.60992426e-16  6.83353755e-16  1.89933411e-05
 -1.36748875e-06 -6.75948999e-09  5.14073973e-10]
[ 0.00000000e+00 -1.08122927e-12 -7.98712673e-14  2.31511585e-11
 -1.21451202e-10 -8.60992426e-16  6.83533856e-16  1.89875151e-05
 -1.36766068e-06 -6.75717533e-09  5.14073724e-10]
[ 0.00000000e+00 -1.08150926e-12 -1.55769985e-13  1.53623272e-11
 -9.49394882e-11 -8.60992426e-16  6.83475932e-16  1.89901360e-05
 -1.36766068e-06 -6.75878688e-09  5.14033198e-10]
[ 0.00000000e+00 -1.08139847e-12 -7.98618709e-14  2.31564349e-11
 -1.21452147e-10 -8.61056949e-16  6.83533856e-16  1.89947603e-05
 -1.36766068e-06 -6.75782519e-09  5.14013169e-10]
[ 0.00000000e+00 -1.08132787e-12 -7.98822468e-14  2.31511585e-11
 -1.21451202e-10 -8.61056949e-16  6.83533856e-16  1.89933356e-05
 -1.36766068e-06 -6.75782519e-09  5.14013169e-10]
[ 0.00000000e+00 -1.08139847e-12 -7.98563335e-14  2.31540475e-11
 -1.21472880e-10 -8.60992426e-16  6.83404456e-16  1.89952311e-05
 -1.36766068e-06 -6.75754594e-09  5.14068765e-10]
[ 0.00000000e+00 -1.08139847e-12 -7.98563335e-14  2.31560611e-11
 -1.21455897e-10 -8.60992426e-16  6.83533856e-16  1.89928632e-05
 -1.36754115e-06 -6.75754594e-09  5.14011861e-10]
[ 0.00000000e+00 -1.28278380e-12 -1.55744005e-13  1.53594885e-11
 -9.49394882e-11 -8.60992426e-16  6.83357349e-16  1.89928632e-05
 -1.36766068e-06 -6.75764770e-09  5.14013169e-10]

parents after selection:
parent1 and its probability : [ 0.00000000e+00 -1.08139847e-12 -7.98563335e-14  2.31540475e-11
 -1.21472880e-10 -8.60992426e-16  6.83404456e-16  1.89952311e-05
 -1.36766068e-06 -6.75754594e-09  5.14068765e-10]0.1000605875584041
parent2 and its probability:  [ 0.00000000e+00 -1.08139847e-12 -7.98520088e-14  2.31526337e-11
 -1.21451202e-10 -8.60992426e-16  6.83533856e-16  1.89924101e-05
 -1.36704082e-06 -6.75754594e-09  5.14013169e-10]0.10103983436739374
parents after selection:
parent1 and its probability : [ 0.00000000e+00 -1.08139847e-12 -7.98563335e-14  2.31560611e-11
 -1.21455897e-10 -8.60992426e-16  6.83533856e-16  1.89928632e-05
 -1.36754115e-06 -6.75754594e-09  5.14011861e-10]0.0999189007950306
parent2 and its probability:  [ 0.00000000e+00 -1.08139847e-12 -7.98563335e-14  2.31540475e-11
 -1.21472880e-10 -8.60992426e-16  6.83404456e-16  1.89952311e-05
 -1.36766068e-06 -6.75754594e-09  5.14068765e-10]0.1000605875584041
parents after selection:
parent1 and its probability : [ 0.00000000e+00 -1.28278380e-12 -1.55744005e-13  1.53594885e-11
 -9.49394882e-11 -8.60992426e-16  6.83357349e-16  1.89928632e-05
 -1.36766068e-06 -6.75764770e-09  5.14013169e-10]0.09964308724066795
parent2 and its probability:  [ 0.00000000e+00 -1.08122927e-12 -7.98712673e-14  2.31511585e-11
 -1.21451202e-10 -8.60992426e-16  6.83533856e-16  1.89875151e-05
 -1.36766068e-06 -6.75717533e-09  5.14073724e-10]0.09984270146286825
parents after selection:
parent1 and its probability : [ 0.00000000e+00 -1.08139847e-12 -7.98563335e-14  2.31540475e-11
 -1.21472880e-10 -8.60992426e-16  6.83404456e-16  1.89952311e-05
 -1.36766068e-06 -6.75754594e-09  5.14068765e-10]0.1000605875584041
parent2 and its probability:  [ 0.00000000e+00 -1.08139847e-12 -7.98563335e-14  2.31560611e-11
 -1.21455897e-10 -8.60992426e-16  6.83533856e-16  1.89928632e-05
 -1.36754115e-06 -6.75754594e-09  5.14011861e-10]0.0999189007950306
parents after selection:
parent1 and its probability : [ 0.00000000e+00 -1.08139847e-12 -7.98618709e-14  2.31564349e-11
 -1.21452147e-10 -8.61056949e-16  6.83533856e-16  1.89947603e-05
 -1.36766068e-06 -6.75782519e-09  5.14013169e-10]0.09968160394885153
parent2 and its probability:  [ 0.00000000e+00 -1.08139847e-12 -7.98618709e-14  2.31564349e-11
 -1.21452147e-10 -8.61056949e-16  6.83533856e-16  1.89947603e-05
 -1.36766068e-06 -6.75782519e-09  5.14013169e-10]0.09968160394885153
parents after selection:
parent1 and its probability : [ 0.00000000e+00 -1.08139847e-12 -7.98642326e-14  2.31540475e-11
 -1.21475201e-10 -8.60929172e-16  6.83664879e-16  1.89914746e-05
 -1.36713609e-06 -6.75754594e-09  5.13947585e-10]0.10043221407666873
parent2 and its probability:  [ 0.00000000e+00 -1.28278380e-12 -1.55744005e-13  1.53594885e-11
 -9.49394882e-11 -8.60992426e-16  6.83357349e-16  1.89928632e-05
 -1.36766068e-06 -6.75764770e-09  5.14013169e-10]0.09964308724066795
parents after selection:
parent1 and its probability : [ 0.00000000e+00 -1.08139847e-12 -7.98563335e-14  2.31560611e-11
 -1.21455897e-10 -8.60992426e-16  6.83533856e-16  1.89928632e-05
 -1.36754115e-06 -6.75754594e-09  5.14011861e-10]0.0999189007950306
parent2 and its probability:  [ 0.00000000e+00 -1.08139847e-12 -7.98520088e-14  2.31526337e-11
 -1.21451202e-10 -8.60992426e-16  6.83533856e-16  1.89924101e-05
 -1.36704082e-06 -6.75754594e-09  5.14013169e-10]0.10103983436739374
parents after selection:
parent1 and its probability : [ 0.00000000e+00 -1.08139847e-12 -7.98563335e-14  2.31540475e-11
 -1.21472880e-10 -8.60992426e-16  6.83404456e-16  1.89952311e-05
 -1.36766068e-06 -6.75754594e-09  5.14068765e-10]0.1000605875584041
parent2 and its probability:  [ 0.00000000e+00 -1.08132787e-12 -7.98822468e-14  2.31511585e-11
 -1.21451202e-10 -8.61056949e-16  6.83533856e-16  1.89933356e-05
 -1.36766068e-06 -6.75782519e-09  5.14013169e-10]0.09962883394198976
parents after selection:
parent1 and its probability : [ 0.00000000e+00 -1.08139847e-12 -7.98563335e-14  2.31560611e-11
 -1.21455897e-10 -8.60992426e-16  6.83533856e-16  1.89928632e-05
 -1.36754115e-06 -6.75754594e-09  5.14011861e-10]0.0999189007950306
parent2 and its probability:  [ 0.00000000e+00 -1.08150926e-12 -1.55769985e-13  1.53623272e-11
 -9.49394882e-11 -8.60992426e-16  6.83475932e-16  1.89901360e-05
 -1.36766068e-06 -6.75878688e-09  5.14033198e-10]0.09953955507314582
parents after selection:
parent1 and its probability : [ 0.00000000e+00 -1.28278380e-12 -1.55744005e-13  1.53594885e-11
 -9.49394882e-11 -8.60992426e-16  6.83357349e-16  1.89928632e-05
 -1.36766068e-06 -6.75764770e-09  5.14013169e-10]0.09964308724066795
parent2 and its probability:  [ 0.00000000e+00 -1.28264005e-12 -1.55769985e-13  1.53594885e-11
 -9.49394882e-11 -8.60992426e-16  6.83353755e-16  1.89933411e-05
 -1.36748875e-06 -6.75948999e-09  5.14073973e-10]0.1002126815349793
population after corssover:
[ 0.00000000e+00 -1.08139847e-12 -7.98520088e-14  2.31526337e-11
 -1.21451202e-10 -8.60992426e-16  6.83533856e-16  1.89924101e-05
 -1.36704082e-06 -6.75754594e-09  5.14013169e-10]
[ 0.00000000e+00 -1.08139847e-12 -7.98563335e-14  2.31540475e-11
 -1.21472880e-10 -8.60992426e-16  6.83404456e-16  1.89952311e-05
 -1.36766068e-06 -6.75754594e-09  5.14068765e-10]
[ 0.00000000e+00 -1.28278380e-12 -1.55744005e-13  1.53594885e-11
 -9.49394882e-11 -8.60992426e-16  6.83533856e-16  1.89875151e-05
 -1.36766068e-06 -6.75717533e-09  5.14073724e-10]
[ 0.00000000e+00 -1.08139847e-12 -7.98563335e-14  2.31560611e-11
 -1.21455897e-10 -8.60992426e-16  6.83533856e-16  1.89928632e-05
 -1.36754115e-06 -6.75754594e-09  5.14011861e-10]
[ 0.00000000e+00 -1.08139847e-12 -7.98618709e-14  2.31564349e-11
 -1.21452147e-10 -8.61056949e-16  6.83533856e-16  1.89947603e-05
 -1.36766068e-06 -6.75782519e-09  5.14013169e-10]
[ 0.00000000e+00 -1.08139847e-12 -7.98642326e-14  1.53594885e-11
 -9.49394882e-11 -8.60992426e-16  6.83357349e-16  1.89928632e-05
 -1.36766068e-06 -6.75764770e-09  5.14013169e-10]
[ 0.00000000e+00 -1.08139847e-12 -7.98563335e-14  2.31560611e-11
 -1.21455897e-10 -8.60992426e-16  6.83533856e-16  1.89924101e-05
 -1.36704082e-06 -6.75754594e-09  5.14013169e-10]
[ 0.00000000e+00 -1.08139847e-12 -7.98563335e-14  2.31540475e-11
 -1.21472880e-10 -8.60992426e-16  6.83404456e-16  1.89933356e-05
 -1.36766068e-06 -6.75782519e-09  5.14013169e-10]
[ 0.00000000e+00 -1.08139847e-12 -7.98563335e-14  2.31560611e-11
 -1.21455897e-10 -8.60992426e-16  6.83475932e-16  1.89901360e-05
 -1.36766068e-06 -6.75878688e-09  5.14033198e-10]
[ 0.00000000e+00 -1.28278380e-12 -1.55744005e-13  1.53594885e-11
 -9.49394882e-11 -8.60992426e-16  6.83353755e-16  1.89933411e-05
 -1.36748875e-06 -6.75948999e-09  5.14073973e-10]

population after mutation:
[ 0.00000000e+00 -1.08139847e-12 -7.98520088e-14  2.31526337e-11
 -1.21456738e-10 -8.60992426e-16  6.83533856e-16  1.89924711e-05
 -1.36704082e-06 -6.75754594e-09  5.14013169e-10]
[ 0.00000000e+00 -1.08139431e-12 -7.98563335e-14  2.31540475e-11
 -1.21472880e-10 -8.60886086e-16  6.83404456e-16  1.89952311e-05
 -1.36761083e-06 -6.75754594e-09  5.14079271e-10]
[ 0.00000000e+00 -1.28279084e-12 -1.55744005e-13  1.53594885e-11
 -9.49394882e-11 -8.60966568e-16  6.83533856e-16  1.89875151e-05
 -1.36766068e-06 -6.75717533e-09  5.14073724e-10]
[ 0.00000000e+00 -1.08128392e-12 -7.98563335e-14  2.31560611e-11
 -1.21455897e-10 -8.60992426e-16  6.83533856e-16  1.89917092e-05
 -1.36754115e-06 -6.75754594e-09  5.14011861e-10]
[ 0.00000000e+00 -1.08139847e-12 -7.98618709e-14  2.31525467e-11
 -1.21452147e-10 -8.61056949e-16  6.83533856e-16  1.89947603e-05
 -1.36791322e-06 -6.75782519e-09  5.14013169e-10]
[ 0.00000000e+00 -1.08139847e-12 -7.98642326e-14  1.53594885e-11
 -9.49394882e-11 -8.60992426e-16  6.83357349e-16  1.89928632e-05
 -1.36766068e-06 -6.75764770e-09  5.14013169e-10]
[ 0.00000000e+00 -1.08139847e-12 -7.98509940e-14  2.31606060e-11
 -1.21455897e-10 -8.60992426e-16  6.83533856e-16  1.89928032e-05
 -1.36696896e-06 -6.75754594e-09  5.14013169e-10]
[ 0.00000000e+00 -1.08139847e-12 -7.98563335e-14  2.31532130e-11
 -1.21472880e-10 -8.60992426e-16  6.83404456e-16  1.89927308e-05
 -1.36766068e-06 -6.75729037e-09  5.13924915e-10]
[ 0.00000000e+00 -1.08150499e-12 -7.98563335e-14  2.31560611e-11
 -1.21455897e-10 -8.60992426e-16  6.83475932e-16  1.89901360e-05
 -1.36766068e-06 -6.75878688e-09  5.14089893e-10]
[ 0.00000000e+00 -1.28291334e-12 -1.55744005e-13  1.53594885e-11
 -9.49554449e-11 -8.60867766e-16  6.83353755e-16  1.89933411e-05
 -1.36754130e-06 -6.75948999e-09  5.14073973e-10]


 
 
 
generation 2

initial population:
[ 0.00000000e+00 -1.08139847e-12 -7.98509940e-14  2.31606060e-11
 -1.21455897e-10 -8.60992426e-16  6.83533856e-16  1.89928032e-05
 -1.36696896e-06 -6.75828877e-09  5.14013169e-10]
[ 0.00000000e+00 -1.08160183e-12 -7.98446736e-14  2.31526337e-11
 -1.21456738e-10 -8.60992426e-16  6.83533856e-16  1.89924711e-05
 -1.36704082e-06 -6.75754594e-09  5.14048001e-10]
[ 0.00000000e+00 -1.08142473e-12 -7.98520088e-14  2.31526337e-11
 -1.21451202e-10 -8.60992426e-16  6.83533856e-16  1.89924101e-05
 -1.36704082e-06 -6.75754594e-09  5.14076477e-10]
[ 0.00000000e+00 -1.08139847e-12 -7.98642326e-14  2.31540475e-11
 -1.21475201e-10 -8.60929172e-16  6.83664879e-16  1.89914746e-05
 -1.36713609e-06 -6.75754594e-09  5.13947585e-10]
[ 0.00000000e+00 -1.08139431e-12 -7.98563335e-14  2.31540475e-11
 -1.21472880e-10 -8.60886086e-16  6.83404456e-16  1.89952311e-05
 -1.36761083e-06 -6.75754594e-09  5.14079271e-10]
[ 0.00000000e+00 -1.28264005e-12 -1.55769985e-13  1.53594885e-11
 -9.49394882e-11 -8.60952512e-16  6.83353755e-16  1.89933411e-05
 -1.36745386e-06 -6.75948999e-09  5.14073973e-10]
[ 0.00000000e+00 -1.28291334e-12 -1.55744005e-13  1.53594885e-11
 -9.49554449e-11 -8.60867766e-16  6.83472811e-16  1.89933411e-05
 -1.36754130e-06 -6.75996017e-09  5.13992238e-10]
[ 0.00000000e+00 -1.08139847e-12 -7.98563335e-14  2.31540475e-11
 -1.21472880e-10 -8.60992426e-16  6.83404456e-16  1.89952311e-05
 -1.36766068e-06 -6.75754594e-09  5.13978040e-10]
[ 0.00000000e+00 -1.08139847e-12 -7.98569649e-14  2.31560611e-11
 -1.21455897e-10 -8.60992426e-16  6.83533856e-16  1.89928632e-05
 -1.36754115e-06 -6.75754594e-09  5.14011861e-10]
[ 0.00000000e+00 -1.08114732e-12 -7.98563335e-14  2.31560611e-11
 -1.21455897e-10 -8.60992426e-16  6.83533856e-16  1.89910481e-05
 -1.36744805e-06 -6.75754594e-09  5.14011861e-10]

parents after selection:
parent1 and its probability : [ 0.00000000e+00 -1.08139847e-12 -7.98642326e-14  2.31540475e-11
 -1.21475201e-10 -8.60929172e-16  6.83664879e-16  1.89914746e-05
 -1.36713609e-06 -6.75754594e-09  5.13947585e-10]0.10004329437525293
parent2 and its probability:  [ 0.00000000e+00 -1.08139847e-12 -7.98642326e-14  2.31540475e-11
 -1.21475201e-10 -8.60929172e-16  6.83664879e-16  1.89914746e-05
 -1.36713609e-06 -6.75754594e-09  5.13947585e-10]0.10004329437525293
parents after selection:
parent1 and its probability : [ 0.00000000e+00 -1.28291334e-12 -1.55744005e-13  1.53594885e-11
 -9.49554449e-11 -8.60867766e-16  6.83472811e-16  1.89933411e-05
 -1.36754130e-06 -6.75996017e-09  5.13992238e-10]0.09921478702324033
parent2 and its probability:  [ 0.00000000e+00 -1.28291334e-12 -1.55744005e-13  1.53594885e-11
 -9.49554449e-11 -8.60867766e-16  6.83472811e-16  1.89933411e-05
 -1.36754130e-06 -6.75996017e-09  5.13992238e-10]0.09921478702324033
parents after selection:
parent1 and its probability : [ 0.00000000e+00 -1.08160183e-12 -7.98446736e-14  2.31526337e-11
 -1.21456738e-10 -8.60992426e-16  6.83533856e-16  1.89924711e-05
 -1.36704082e-06 -6.75754594e-09  5.14048001e-10]0.10084699951015756
parent2 and its probability:  [ 0.00000000e+00 -1.08114732e-12 -7.98563335e-14  2.31560611e-11
 -1.21455897e-10 -8.60992426e-16  6.83533856e-16  1.89910481e-05
 -1.36744805e-06 -6.75754594e-09  5.14011861e-10]0.09967656826320366
parents after selection:
parent1 and its probability : [ 0.00000000e+00 -1.28291334e-12 -1.55744005e-13  1.53594885e-11
 -9.49554449e-11 -8.60867766e-16  6.83472811e-16  1.89933411e-05
 -1.36754130e-06 -6.75996017e-09  5.13992238e-10]0.09921478702324033
parent2 and its probability:  [ 0.00000000e+00 -1.08139847e-12 -7.98642326e-14  2.31540475e-11
 -1.21475201e-10 -8.60929172e-16  6.83664879e-16  1.89914746e-05
 -1.36713609e-06 -6.75754594e-09  5.13947585e-10]0.10004329437525293
parents after selection:
parent1 and its probability : [ 0.00000000e+00 -1.28264005e-12 -1.55769985e-13  1.53594885e-11
 -9.49394882e-11 -8.60952512e-16  6.83353755e-16  1.89933411e-05
 -1.36745386e-06 -6.75948999e-09  5.14073973e-10]0.0999118057110932
parent2 and its probability:  [ 0.00000000e+00 -1.08139847e-12 -7.98642326e-14  2.31540475e-11
 -1.21475201e-10 -8.60929172e-16  6.83664879e-16  1.89914746e-05
 -1.36713609e-06 -6.75754594e-09  5.13947585e-10]0.10004329437525293
parents after selection:
parent1 and its probability : [ 0.00000000e+00 -1.08142473e-12 -7.98520088e-14  2.31526337e-11
 -1.21451202e-10 -8.60992426e-16  6.83533856e-16  1.89924101e-05
 -1.36704082e-06 -6.75754594e-09  5.14076477e-10]0.10100496679201239
parent2 and its probability:  [ 0.00000000e+00 -1.28291334e-12 -1.55744005e-13  1.53594885e-11
 -9.49554449e-11 -8.60867766e-16  6.83472811e-16  1.89933411e-05
 -1.36754130e-06 -6.75996017e-09  5.13992238e-10]0.09921478702324033
parents after selection:
parent1 and its probability : [ 0.00000000e+00 -1.08139847e-12 -7.98509940e-14  2.31606060e-11
 -1.21455897e-10 -8.60992426e-16  6.83533856e-16  1.89928032e-05
 -1.36696896e-06 -6.75828877e-09  5.14013169e-10]0.1007481757240212
parent2 and its probability:  [ 0.00000000e+00 -1.08139847e-12 -7.98509940e-14  2.31606060e-11
 -1.21455897e-10 -8.60992426e-16  6.83533856e-16  1.89928032e-05
 -1.36696896e-06 -6.75828877e-09  5.14013169e-10]0.1007481757240212
parents after selection:
parent1 and its probability : [ 0.00000000e+00 -1.08139847e-12 -7.98563335e-14  2.31540475e-11
 -1.21472880e-10 -8.60992426e-16  6.83404456e-16  1.89952311e-05
 -1.36766068e-06 -6.75754594e-09  5.13978040e-10]0.0991534730806599
parent2 and its probability:  [ 0.00000000e+00 -1.08160183e-12 -7.98446736e-14  2.31526337e-11
 -1.21456738e-10 -8.60992426e-16  6.83533856e-16  1.89924711e-05
 -1.36704082e-06 -6.75754594e-09  5.14048001e-10]0.10084699951015756
parents after selection:
parent1 and its probability : [ 0.00000000e+00 -1.08139847e-12 -7.98642326e-14  2.31540475e-11
 -1.21475201e-10 -8.60929172e-16  6.83664879e-16  1.89914746e-05
 -1.36713609e-06 -6.75754594e-09  5.13947585e-10]0.10004329437525293
parent2 and its probability:  [ 0.00000000e+00 -1.08139847e-12 -7.98569649e-14  2.31560611e-11
 -1.21455897e-10 -8.60992426e-16  6.83533856e-16  1.89928632e-05
 -1.36754115e-06 -6.75754594e-09  5.14011861e-10]0.09953196887861052
parents after selection:
parent1 and its probability : [ 0.00000000e+00 -1.08139847e-12 -7.98509940e-14  2.31606060e-11
 -1.21455897e-10 -8.60992426e-16  6.83533856e-16  1.89928032e-05
 -1.36696896e-06 -6.75828877e-09  5.14013169e-10]0.1007481757240212
parent2 and its probability:  [ 0.00000000e+00 -1.08160183e-12 -7.98446736e-14  2.31526337e-11
 -1.21456738e-10 -8.60992426e-16  6.83533856e-16  1.89924711e-05
 -1.36704082e-06 -6.75754594e-09  5.14048001e-10]0.10084699951015756
population after corssover:
[ 0.00000000e+00 -1.08139847e-12 -7.98642326e-14  2.31540475e-11
 -1.21475201e-10 -8.60929172e-16  6.83664879e-16  1.89914746e-05
 -1.36713609e-06 -6.75754594e-09  5.13947585e-10]
[ 0.00000000e+00 -1.28291334e-12 -1.55744005e-13  1.53594885e-11
 -9.49554449e-11 -8.60867766e-16  6.83472811e-16  1.89933411e-05
 -1.36754130e-06 -6.75996017e-09  5.13992238e-10]
[ 0.00000000e+00 -1.08160183e-12 -7.98446736e-14  2.31526337e-11
 -1.21455897e-10 -8.60992426e-16  6.83533856e-16  1.89910481e-05
 -1.36744805e-06 -6.75754594e-09  5.14011861e-10]
[ 0.00000000e+00 -1.28291334e-12 -1.55744005e-13  2.31540475e-11
 -1.21475201e-10 -8.60929172e-16  6.83664879e-16  1.89914746e-05
 -1.36713609e-06 -6.75754594e-09  5.13947585e-10]
[ 0.00000000e+00 -1.28264005e-12 -1.55769985e-13  1.53594885e-11
 -9.49394882e-11 -8.60952512e-16  6.83353755e-16  1.89933411e-05
 -1.36745386e-06 -6.75948999e-09  5.13947585e-10]
[ 0.00000000e+00 -1.08142473e-12 -7.98520088e-14  2.31526337e-11
 -1.21451202e-10 -8.60992426e-16  6.83533856e-16  1.89933411e-05
 -1.36754130e-06 -6.75996017e-09  5.13992238e-10]
[ 0.00000000e+00 -1.08139847e-12 -7.98509940e-14  2.31606060e-11
 -1.21455897e-10 -8.60992426e-16  6.83533856e-16  1.89928032e-05
 -1.36696896e-06 -6.75828877e-09  5.14013169e-10]
[ 0.00000000e+00 -1.08139847e-12 -7.98563335e-14  2.31540475e-11
 -1.21472880e-10 -8.60992426e-16  6.83404456e-16  1.89924711e-05
 -1.36704082e-06 -6.75754594e-09  5.14048001e-10]
[ 0.00000000e+00 -1.08139847e-12 -7.98642326e-14  2.31540475e-11
 -1.21475201e-10 -8.60929172e-16  6.83664879e-16  1.89914746e-05
 -1.36713609e-06 -6.75754594e-09  5.14011861e-10]
[ 0.00000000e+00 -1.08139847e-12 -7.98509940e-14  2.31606060e-11
 -1.21455897e-10 -8.60992426e-16  6.83533856e-16  1.89928032e-05
 -1.36704082e-06 -6.75754594e-09  5.14048001e-10]

population after mutation:
[ 0.00000000e+00 -1.08139847e-12 -7.98642326e-14  2.31540475e-11
 -1.21475201e-10 -8.60929172e-16  6.83740399e-16  1.89914746e-05
 -1.36713609e-06 -6.75754594e-09  5.13947585e-10]
[ 0.00000000e+00 -1.28270517e-12 -1.55730271e-13  1.53594885e-11
 -9.49554449e-11 -8.60867766e-16  6.83472811e-16  1.89933411e-05
 -1.36754130e-06 -6.75996017e-09  5.13992238e-10]
[ 0.00000000e+00 -1.08160183e-12 -7.98446736e-14  2.31526337e-11
 -1.21455897e-10 -8.60992426e-16  6.83533856e-16  1.89910481e-05
 -1.36722070e-06 -6.75754594e-09  5.14032532e-10]
[ 0.00000000e+00 -1.28298987e-12 -1.55744005e-13  2.31540475e-11
 -1.21475201e-10 -8.60929172e-16  6.83664879e-16  1.89914746e-05
 -1.36713609e-06 -6.75754594e-09  5.13947585e-10]
[ 0.00000000e+00 -1.28264005e-12 -1.55769985e-13  1.53594885e-11
 -9.49334600e-11 -8.60952512e-16  6.83353755e-16  1.89933411e-05
 -1.36745386e-06 -6.76011628e-09  5.13947585e-10]
[ 0.00000000e+00 -1.08142473e-12 -7.98520088e-14  2.31526337e-11
 -1.21451202e-10 -8.61129259e-16  6.83533856e-16  1.89933411e-05
 -1.36766321e-06 -6.76024098e-09  5.13992238e-10]
[ 0.00000000e+00 -1.08124961e-12 -7.98509940e-14  2.31606060e-11
 -1.21470698e-10 -8.60992426e-16  6.83533856e-16  1.89928032e-05
 -1.36706038e-06 -6.75828877e-09  5.14013169e-10]
[ 0.00000000e+00 -1.08131900e-12 -7.98563335e-14  2.31540475e-11
 -1.21484845e-10 -8.60992426e-16  6.83404456e-16  1.89924711e-05
 -1.36704082e-06 -6.75701111e-09  5.14032240e-10]
[ 0.00000000e+00 -1.08139847e-12 -7.98642326e-14  2.31540475e-11
 -1.21475201e-10 -8.60929172e-16  6.83664879e-16  1.89886630e-05
 -1.36713609e-06 -6.75825270e-09  5.14011861e-10]
[ 0.00000000e+00 -1.08139847e-12 -7.98509940e-14  2.31606060e-11
 -1.21455897e-10 -8.60992426e-16  6.83533856e-16  1.89896244e-05
 -1.36704082e-06 -6.75754594e-09  5.14048001e-10]


 
 
 
generation 2

initial population:
[ 0.00000000e+00 -1.08159926e-12 -7.98520088e-14  2.31526337e-11
 -1.21451202e-10 -8.61049959e-16  6.83533856e-16  1.89924101e-05
 -1.36704082e-06 -6.75754594e-09  5.14056885e-10]
[ 0.00000000e+00 -1.08143280e-12 -7.98410005e-14  2.31526337e-11
 -1.21456738e-10 -8.60992426e-16  6.83533856e-16  1.89924711e-05
 -1.36704082e-06 -6.75754594e-09  5.14011018e-10]
[ 0.00000000e+00 -1.08131900e-12 -7.98509279e-14  2.31508655e-11
 -1.21484845e-10 -8.60992426e-16  6.83404456e-16  1.89924711e-05
 -1.36686835e-06 -6.75701111e-09  5.14109485e-10]
[ 0.00000000e+00 -1.08139847e-12 -7.98509940e-14  2.31607209e-11
 -1.21455897e-10 -8.60944558e-16  6.83533856e-16  1.89928032e-05
 -1.36696896e-06 -6.75828877e-09  5.14013169e-10]
[ 0.00000000e+00 -1.08139847e-12 -7.98391839e-14  2.31594783e-11
 -1.21455897e-10 -8.60992426e-16  6.83533856e-16  1.89896244e-05
 -1.36682304e-06 -6.75754594e-09  5.13949913e-10]
[ 0.00000000e+00 -1.08124961e-12 -7.98509940e-14  2.31606060e-11
 -1.21447412e-10 -8.60992426e-16  6.83533856e-16  1.89928032e-05
 -1.36698900e-06 -6.75828877e-09  5.14013169e-10]
[ 0.00000000e+00 -1.08160183e-12 -7.98359790e-14  2.31526337e-11
 -1.21455897e-10 -8.60992426e-16  6.83533856e-16  1.89910481e-05
 -1.36722070e-06 -6.75754594e-09  5.14032532e-10]
[ 0.00000000e+00 -1.08139847e-12 -7.98642326e-14  2.31540475e-11
 -1.21475201e-10 -8.60929172e-16  6.83664879e-16  1.89877927e-05
 -1.36713609e-06 -6.75825270e-09  5.14011861e-10]
[ 0.00000000e+00 -1.08139847e-12 -7.98542864e-14  2.31540475e-11
 -1.21488436e-10 -8.60929172e-16  6.83664879e-16  1.89917320e-05
 -1.36713609e-06 -6.75665419e-09  5.13981647e-10]
[ 0.00000000e+00 -1.08134382e-12 -7.98642326e-14  2.31540475e-11
 -1.21475201e-10 -8.60929172e-16  6.83740399e-16  1.89914746e-05
 -1.36713609e-06 -6.75754594e-09  5.13947585e-10]

parents after selection:
parent1 and its probability : [ 0.00000000e+00 -1.08159926e-12 -7.98520088e-14  2.31526337e-11
 -1.21451202e-10 -8.61049959e-16  6.83533856e-16  1.89924101e-05
 -1.36704082e-06 -6.75754594e-09  5.14056885e-10]0.10026357045179866
parent2 and its probability:  [ 0.00000000e+00 -1.08160183e-12 -7.98359790e-14  2.31526337e-11
 -1.21455897e-10 -8.60992426e-16  6.83533856e-16  1.89910481e-05
 -1.36722070e-06 -6.75754594e-09  5.14032532e-10]0.099691227825923
parents after selection:
parent1 and its probability : [ 0.00000000e+00 -1.08143280e-12 -7.98410005e-14  2.31526337e-11
 -1.21456738e-10 -8.60992426e-16  6.83533856e-16  1.89924711e-05
 -1.36704082e-06 -6.75754594e-09  5.14011018e-10]0.1000208385527025
parent2 and its probability:  [ 0.00000000e+00 -1.08139847e-12 -7.98642326e-14  2.31540475e-11
 -1.21475201e-10 -8.60929172e-16  6.83664879e-16  1.89877927e-05
 -1.36713609e-06 -6.75825270e-09  5.14011861e-10]0.09958875215467877
parents after selection:
parent1 and its probability : [ 0.00000000e+00 -1.08134382e-12 -7.98642326e-14  2.31540475e-11
 -1.21475201e-10 -8.60929172e-16  6.83740399e-16  1.89914746e-05
 -1.36713609e-06 -6.75754594e-09  5.13947585e-10]0.09942918730290376
parent2 and its probability:  [ 0.00000000e+00 -1.08159926e-12 -7.98520088e-14  2.31526337e-11
 -1.21451202e-10 -8.61049959e-16  6.83533856e-16  1.89924101e-05
 -1.36704082e-06 -6.75754594e-09  5.14056885e-10]0.10026357045179866
parents after selection:
parent1 and its probability : [ 0.00000000e+00 -1.08139847e-12 -7.98642326e-14  2.31540475e-11
 -1.21475201e-10 -8.60929172e-16  6.83664879e-16  1.89877927e-05
 -1.36713609e-06 -6.75825270e-09  5.14011861e-10]0.09958875215467877
parent2 and its probability:  [ 0.00000000e+00 -1.08139847e-12 -7.98391839e-14  2.31594783e-11
 -1.21455897e-10 -8.60992426e-16  6.83533856e-16  1.89896244e-05
 -1.36682304e-06 -6.75754594e-09  5.13949913e-10]0.10005990167986158
parents after selection:
parent1 and its probability : [ 0.00000000e+00 -1.08134382e-12 -7.98642326e-14  2.31540475e-11
 -1.21475201e-10 -8.60929172e-16  6.83740399e-16  1.89914746e-05
 -1.36713609e-06 -6.75754594e-09  5.13947585e-10]0.09942918730290376
parent2 and its probability:  [ 0.00000000e+00 -1.08159926e-12 -7.98520088e-14  2.31526337e-11
 -1.21451202e-10 -8.61049959e-16  6.83533856e-16  1.89924101e-05
 -1.36704082e-06 -6.75754594e-09  5.14056885e-10]0.10026357045179866
parents after selection:
parent1 and its probability : [ 0.00000000e+00 -1.08159926e-12 -7.98520088e-14  2.31526337e-11
 -1.21451202e-10 -8.61049959e-16  6.83533856e-16  1.89924101e-05
 -1.36704082e-06 -6.75754594e-09  5.14056885e-10]0.10026357045179866
parent2 and its probability:  [ 0.00000000e+00 -1.08131900e-12 -7.98509279e-14  2.31508655e-11
 -1.21484845e-10 -8.60992426e-16  6.83404456e-16  1.89924711e-05
 -1.36686835e-06 -6.75701111e-09  5.14109485e-10]0.1010013113264829
parents after selection:
parent1 and its probability : [ 0.00000000e+00 -1.08139847e-12 -7.98642326e-14  2.31540475e-11
 -1.21475201e-10 -8.60929172e-16  6.83664879e-16  1.89877927e-05
 -1.36713609e-06 -6.75825270e-09  5.14011861e-10]0.09958875215467877
parent2 and its probability:  [ 0.00000000e+00 -1.08139847e-12 -7.98642326e-14  2.31540475e-11
 -1.21475201e-10 -8.60929172e-16  6.83664879e-16  1.89877927e-05
 -1.36713609e-06 -6.75825270e-09  5.14011861e-10]0.09958875215467877
parents after selection:
parent1 and its probability : [ 0.00000000e+00 -1.08134382e-12 -7.98642326e-14  2.31540475e-11
 -1.21475201e-10 -8.60929172e-16  6.83740399e-16  1.89914746e-05
 -1.36713609e-06 -6.75754594e-09  5.13947585e-10]0.09942918730290376
parent2 and its probability:  [ 0.00000000e+00 -1.08139847e-12 -7.98542864e-14  2.31540475e-11
 -1.21488436e-10 -8.60929172e-16  6.83664879e-16  1.89917320e-05
 -1.36713609e-06 -6.75665419e-09  5.13981647e-10]0.09972015361999845
parents after selection:
parent1 and its probability : [ 0.00000000e+00 -1.08143280e-12 -7.98410005e-14  2.31526337e-11
 -1.21456738e-10 -8.60992426e-16  6.83533856e-16  1.89924711e-05
 -1.36704082e-06 -6.75754594e-09  5.14011018e-10]0.1000208385527025
parent2 and its probability:  [ 0.00000000e+00 -1.08131900e-12 -7.98509279e-14  2.31508655e-11
 -1.21484845e-10 -8.60992426e-16  6.83404456e-16  1.89924711e-05
 -1.36686835e-06 -6.75701111e-09  5.14109485e-10]0.1010013113264829
parents after selection:
parent1 and its probability : [ 0.00000000e+00 -1.08139847e-12 -7.98391839e-14  2.31594783e-11
 -1.21455897e-10 -8.60992426e-16  6.83533856e-16  1.89896244e-05
 -1.36682304e-06 -6.75754594e-09  5.13949913e-10]0.10005990167986158
parent2 and its probability:  [ 0.00000000e+00 -1.08160183e-12 -7.98359790e-14  2.31526337e-11
 -1.21455897e-10 -8.60992426e-16  6.83533856e-16  1.89910481e-05
 -1.36722070e-06 -6.75754594e-09  5.14032532e-10]0.099691227825923
population after corssover:
[ 0.00000000e+00 -1.08159926e-12 -7.98520088e-14  2.31526337e-11
 -1.21451202e-10 -8.60992426e-16  6.83533856e-16  1.89910481e-05
 -1.36722070e-06 -6.75754594e-09  5.14032532e-10]
[ 0.00000000e+00 -1.08143280e-12 -7.98410005e-14  2.31526337e-11
 -1.21475201e-10 -8.60929172e-16  6.83664879e-16  1.89877927e-05
 -1.36713609e-06 -6.75825270e-09  5.14011861e-10]
[ 0.00000000e+00 -1.08134382e-12 -7.98642326e-14  2.31540475e-11
 -1.21475201e-10 -8.60929172e-16  6.83740399e-16  1.89914746e-05
 -1.36704082e-06 -6.75754594e-09  5.14056885e-10]
[ 0.00000000e+00 -1.08139847e-12 -7.98391839e-14  2.31594783e-11
 -1.21455897e-10 -8.60992426e-16  6.83533856e-16  1.89896244e-05
 -1.36682304e-06 -6.75754594e-09  5.13949913e-10]
[ 0.00000000e+00 -1.08134382e-12 -7.98642326e-14  2.31526337e-11
 -1.21451202e-10 -8.61049959e-16  6.83533856e-16  1.89924101e-05
 -1.36704082e-06 -6.75754594e-09  5.14056885e-10]
[ 0.00000000e+00 -1.08131900e-12 -7.98509279e-14  2.31508655e-11
 -1.21484845e-10 -8.60992426e-16  6.83404456e-16  1.89924711e-05
 -1.36686835e-06 -6.75701111e-09  5.14109485e-10]
[ 0.00000000e+00 -1.08139847e-12 -7.98642326e-14  2.31540475e-11
 -1.21475201e-10 -8.60929172e-16  6.83664879e-16  1.89877927e-05
 -1.36713609e-06 -6.75825270e-09  5.14011861e-10]
[ 0.00000000e+00 -1.08134382e-12 -7.98642326e-14  2.31540475e-11
 -1.21475201e-10 -8.60929172e-16  6.83664879e-16  1.89917320e-05
 -1.36713609e-06 -6.75665419e-09  5.13981647e-10]
[ 0.00000000e+00 -1.08143280e-12 -7.98410005e-14  2.31526337e-11
 -1.21456738e-10 -8.60992426e-16  6.83533856e-16  1.89924711e-05
 -1.36686835e-06 -6.75701111e-09  5.14109485e-10]
[ 0.00000000e+00 -1.08139847e-12 -7.98391839e-14  2.31594783e-11
 -1.21455897e-10 -8.60992426e-16  6.83533856e-16  1.89910481e-05
 -1.36722070e-06 -6.75754594e-09  5.14032532e-10]

population after mutation:
[ 0.00000000e+00 -1.08159926e-12 -7.98520088e-14  2.31526337e-11
 -1.21451202e-10 -8.60992426e-16  6.83533856e-16  1.89910481e-05
 -1.36722070e-06 -6.75754594e-09  5.14032532e-10]
[ 0.00000000e+00 -1.08143280e-12 -7.98267645e-14  2.31526337e-11
 -1.21459117e-10 -8.60929172e-16  6.83783122e-16  1.89877927e-05
 -1.36713609e-06 -6.75808185e-09  5.13945101e-10]
[ 0.00000000e+00 -1.08134382e-12 -7.98642326e-14  2.31540475e-11
 -1.21488219e-10 -8.60929172e-16  6.83740399e-16  1.89914746e-05
 -1.36704082e-06 -6.75754594e-09  5.14056885e-10]
[ 0.00000000e+00 -1.08139847e-12 -7.98391839e-14  2.31594783e-11
 -1.21455897e-10 -8.61082018e-16  6.83522190e-16  1.89896244e-05
 -1.36682304e-06 -6.75754594e-09  5.13949913e-10]
[ 0.00000000e+00 -1.08133022e-12 -7.98642326e-14  2.31526337e-11
 -1.21451202e-10 -8.61049959e-16  6.83533856e-16  1.89924101e-05
 -1.36704082e-06 -6.75754594e-09  5.14056885e-10]
[ 0.00000000e+00 -1.08131900e-12 -7.98660637e-14  2.31508655e-11
 -1.21479329e-10 -8.60992426e-16  6.83436969e-16  1.89924711e-05
 -1.36686835e-06 -6.75772728e-09  5.14109485e-10]
[ 0.00000000e+00 -1.08139847e-12 -7.98642326e-14  2.31540475e-11
 -1.21475201e-10 -8.60929172e-16  6.83578756e-16  1.89877927e-05
 -1.36713609e-06 -6.75825270e-09  5.14011861e-10]
[ 0.00000000e+00 -1.08134382e-12 -7.98642326e-14  2.31540475e-11
 -1.21475201e-10 -8.60929172e-16  6.83664879e-16  1.89917320e-05
 -1.36703376e-06 -6.75665419e-09  5.13981647e-10]
[ 0.00000000e+00 -1.08143280e-12 -7.98410005e-14  2.31520824e-11
 -1.21459868e-10 -8.60992426e-16  6.83533856e-16  1.89924711e-05
 -1.36660483e-06 -6.75701111e-09  5.14109485e-10]
[ 0.00000000e+00 -1.08139847e-12 -7.98391839e-14  2.31594783e-11
 -1.21455897e-10 -8.60992426e-16  6.83533856e-16  1.89910481e-05
 -1.36736240e-06 -6.75754594e-09  5.14032532e-10]


 
 
 
generation 2

initial population:
[ 0.00000000e+00 -1.08143280e-12 -7.98510219e-14  2.31520824e-11
 -1.21461211e-10 -8.60992426e-16  6.83533856e-16  1.89923509e-05
 -1.36660483e-06 -6.75701111e-09  5.14082314e-10]
[ 0.00000000e+00 -1.08131900e-12 -7.98509279e-14  2.31508655e-11
 -1.21484845e-10 -8.60992426e-16  6.83404456e-16  1.89924711e-05
 -1.36686835e-06 -6.75701111e-09  5.14109485e-10]
[ 0.00000000e+00 -1.08131900e-12 -7.98505608e-14  2.31475096e-11
 -1.21479329e-10 -8.60992426e-16  6.83436969e-16  1.89932404e-05
 -1.36686835e-06 -6.75772728e-09  5.14109485e-10]
[ 0.00000000e+00 -1.08159926e-12 -7.98520088e-14  2.31526337e-11
 -1.21451202e-10 -8.61049959e-16  6.83533856e-16  1.89886455e-05
 -1.36704082e-06 -6.75754594e-09  5.14056885e-10]
[ 0.00000000e+00 -1.08133022e-12 -7.98784028e-14  2.31526337e-11
 -1.21451202e-10 -8.61049959e-16  6.83533856e-16  1.89924101e-05
 -1.36704082e-06 -6.75754594e-09  5.14056885e-10]
[ 0.00000000e+00 -1.08153974e-12 -7.98642326e-14  2.31540475e-11
 -1.21488219e-10 -8.60944264e-16  6.83740399e-16  1.89914746e-05
 -1.36704082e-06 -6.75721648e-09  5.14056885e-10]
[ 0.00000000e+00 -1.08139847e-12 -7.98509940e-14  2.31607209e-11
 -1.21455897e-10 -8.60944558e-16  6.83533856e-16  1.89942263e-05
 -1.36696896e-06 -6.75828877e-09  5.14013169e-10]
[ 0.00000000e+00 -1.08124961e-12 -7.98509940e-14  2.31606060e-11
 -1.21447412e-10 -8.60882089e-16  6.83533856e-16  1.89928032e-05
 -1.36706460e-06 -6.75828877e-09  5.14013169e-10]
[ 0.00000000e+00 -1.08161433e-12 -7.98391839e-14  2.31594783e-11
 -1.21455897e-10 -8.60992426e-16  6.83533856e-16  1.89883336e-05
 -1.36682304e-06 -6.75638223e-09  5.13949913e-10]
[ 0.00000000e+00 -1.08139988e-12 -7.98391839e-14  2.31614144e-11
 -1.21455897e-10 -8.61082018e-16  6.83522190e-16  1.89896244e-05
 -1.36682304e-06 -6.75754594e-09  5.13949913e-10]

parents after selection:
parent1 and its probability : [ 0.00000000e+00 -1.08124961e-12 -7.98509940e-14  2.31606060e-11
 -1.21447412e-10 -8.60882089e-16  6.83533856e-16  1.89928032e-05
 -1.36706460e-06 -6.75828877e-09  5.14013169e-10]0.09950683499649692
parent2 and its probability:  [ 0.00000000e+00 -1.08161433e-12 -7.98391839e-14  2.31594783e-11
 -1.21455897e-10 -8.60992426e-16  6.83533856e-16  1.89883336e-05
 -1.36682304e-06 -6.75638223e-09  5.13949913e-10]0.09969546596175269
parents after selection:
parent1 and its probability : [ 0.00000000e+00 -1.08139847e-12 -7.98509940e-14  2.31607209e-11
 -1.21455897e-10 -8.60944558e-16  6.83533856e-16  1.89942263e-05
 -1.36696896e-06 -6.75828877e-09  5.14013169e-10]0.0997549496590885
parent2 and its probability:  [ 0.00000000e+00 -1.08161433e-12 -7.98391839e-14  2.31594783e-11
 -1.21455897e-10 -8.60992426e-16  6.83533856e-16  1.89883336e-05
 -1.36682304e-06 -6.75638223e-09  5.13949913e-10]0.09969546596175269
parents after selection:
parent1 and its probability : [ 0.00000000e+00 -1.08161433e-12 -7.98391839e-14  2.31594783e-11
 -1.21455897e-10 -8.60992426e-16  6.83533856e-16  1.89883336e-05
 -1.36682304e-06 -6.75638223e-09  5.13949913e-10]0.09969546596175269
parent2 and its probability:  [ 0.00000000e+00 -1.08131900e-12 -7.98509279e-14  2.31508655e-11
 -1.21484845e-10 -8.60992426e-16  6.83404456e-16  1.89924711e-05
 -1.36686835e-06 -6.75701111e-09  5.14109485e-10]0.10056287100549219
parents after selection:
parent1 and its probability : [ 0.00000000e+00 -1.08131900e-12 -7.98505608e-14  2.31475096e-11
 -1.21479329e-10 -8.60992426e-16  6.83436969e-16  1.89932404e-05
 -1.36686835e-06 -6.75772728e-09  5.14109485e-10]0.10051950444975365
parent2 and its probability:  [ 0.00000000e+00 -1.08131900e-12 -7.98509279e-14  2.31508655e-11
 -1.21484845e-10 -8.60992426e-16  6.83404456e-16  1.89924711e-05
 -1.36686835e-06 -6.75701111e-09  5.14109485e-10]0.10056287100549219
parents after selection:
parent1 and its probability : [ 0.00000000e+00 -1.08139988e-12 -7.98391839e-14  2.31614144e-11
 -1.21455897e-10 -8.61082018e-16  6.83522190e-16  1.89896244e-05
 -1.36682304e-06 -6.75754594e-09  5.13949913e-10]0.09960707046158607
parent2 and its probability:  [ 0.00000000e+00 -1.08139847e-12 -7.98509940e-14  2.31607209e-11
 -1.21455897e-10 -8.60944558e-16  6.83533856e-16  1.89942263e-05
 -1.36696896e-06 -6.75828877e-09  5.14013169e-10]0.0997549496590885
parents after selection:
parent1 and its probability : [ 0.00000000e+00 -1.08161433e-12 -7.98391839e-14  2.31594783e-11
 -1.21455897e-10 -8.60992426e-16  6.83533856e-16  1.89883336e-05
 -1.36682304e-06 -6.75638223e-09  5.13949913e-10]0.09969546596175269
parent2 and its probability:  [ 0.00000000e+00 -1.08153974e-12 -7.98642326e-14  2.31540475e-11
 -1.21488219e-10 -8.60944264e-16  6.83740399e-16  1.89914746e-05
 -1.36704082e-06 -6.75721648e-09  5.14056885e-10]0.09984991093597409
parents after selection:
parent1 and its probability : [ 0.00000000e+00 -1.08131900e-12 -7.98505608e-14  2.31475096e-11
 -1.21479329e-10 -8.60992426e-16  6.83436969e-16  1.89932404e-05
 -1.36686835e-06 -6.75772728e-09  5.14109485e-10]0.10051950444975365
parent2 and its probability:  [ 0.00000000e+00 -1.08131900e-12 -7.98509279e-14  2.31508655e-11
 -1.21484845e-10 -8.60992426e-16  6.83404456e-16  1.89924711e-05
 -1.36686835e-06 -6.75701111e-09  5.14109485e-10]0.10056287100549219
parents after selection:
parent1 and its probability : [ 0.00000000e+00 -1.08143280e-12 -7.98510219e-14  2.31520824e-11
 -1.21461211e-10 -8.60992426e-16  6.83533856e-16  1.89923509e-05
 -1.36660483e-06 -6.75701111e-09  5.14082314e-10]0.10097909391229008
parent2 and its probability:  [ 0.00000000e+00 -1.08159926e-12 -7.98520088e-14  2.31526337e-11
 -1.21451202e-10 -8.61049959e-16  6.83533856e-16  1.89886455e-05
 -1.36704082e-06 -6.75754594e-09  5.14056885e-10]0.09969596600015991
parents after selection:
parent1 and its probability : [ 0.00000000e+00 -1.08139847e-12 -7.98509940e-14  2.31607209e-11
 -1.21455897e-10 -8.60944558e-16  6.83533856e-16  1.89942263e-05
 -1.36696896e-06 -6.75828877e-09  5.14013169e-10]0.0997549496590885
parent2 and its probability:  [ 0.00000000e+00 -1.08124961e-12 -7.98509940e-14  2.31606060e-11
 -1.21447412e-10 -8.60882089e-16  6.83533856e-16  1.89928032e-05
 -1.36706460e-06 -6.75828877e-09  5.14013169e-10]0.09950683499649692
parents after selection:
parent1 and its probability : [ 0.00000000e+00 -1.08159926e-12 -7.98520088e-14  2.31526337e-11
 -1.21451202e-10 -8.61049959e-16  6.83533856e-16  1.89886455e-05
 -1.36704082e-06 -6.75754594e-09  5.14056885e-10]0.09969596600015991
parent2 and its probability:  [ 0.00000000e+00 -1.08139847e-12 -7.98509940e-14  2.31607209e-11
 -1.21455897e-10 -8.60944558e-16  6.83533856e-16  1.89942263e-05
 -1.36696896e-06 -6.75828877e-09  5.14013169e-10]0.0997549496590885
population after corssover:
[ 0.00000000e+00 -1.08124961e-12 -7.98509940e-14  2.31606060e-11
 -1.21447412e-10 -8.60882089e-16  6.83533856e-16  1.89883336e-05
 -1.36682304e-06 -6.75638223e-09  5.13949913e-10]
[ 0.00000000e+00 -1.08139847e-12 -7.98509940e-14  2.31607209e-11
 -1.21455897e-10 -8.60944558e-16  6.83533856e-16  1.89942263e-05
 -1.36682304e-06 -6.75638223e-09  5.13949913e-10]
[ 0.00000000e+00 -1.08161433e-12 -7.98391839e-14  2.31508655e-11
 -1.21484845e-10 -8.60992426e-16  6.83404456e-16  1.89924711e-05
 -1.36686835e-06 -6.75701111e-09  5.14109485e-10]
[ 0.00000000e+00 -1.08131900e-12 -7.98505608e-14  2.31475096e-11
 -1.21479329e-10 -8.60992426e-16  6.83404456e-16  1.89924711e-05
 -1.36686835e-06 -6.75701111e-09  5.14109485e-10]
[ 0.00000000e+00 -1.08139988e-12 -7.98391839e-14  2.31614144e-11
 -1.21455897e-10 -8.61082018e-16  6.83522190e-16  1.89942263e-05
 -1.36696896e-06 -6.75828877e-09  5.14013169e-10]
[ 0.00000000e+00 -1.08161433e-12 -7.98391839e-14  2.31594783e-11
 -1.21488219e-10 -8.60944264e-16  6.83740399e-16  1.89914746e-05
 -1.36704082e-06 -6.75721648e-09  5.14056885e-10]
[ 0.00000000e+00 -1.08131900e-12 -7.98505608e-14  2.31475096e-11
 -1.21479329e-10 -8.60992426e-16  6.83436969e-16  1.89932404e-05
 -1.36686835e-06 -6.75772728e-09  5.14109485e-10]
[ 0.00000000e+00 -1.08143280e-12 -7.98510219e-14  2.31520824e-11
 -1.21461211e-10 -8.60992426e-16  6.83533856e-16  1.89923509e-05
 -1.36660483e-06 -6.75754594e-09  5.14056885e-10]
[ 0.00000000e+00 -1.08139847e-12 -7.98509940e-14  2.31607209e-11
 -1.21447412e-10 -8.60882089e-16  6.83533856e-16  1.89928032e-05
 -1.36706460e-06 -6.75828877e-09  5.14013169e-10]
[ 0.00000000e+00 -1.08139847e-12 -7.98509940e-14  2.31607209e-11
 -1.21455897e-10 -8.60944558e-16  6.83533856e-16  1.89942263e-05
 -1.36696896e-06 -6.75828877e-09  5.14013169e-10]

population after mutation:
[ 0.00000000e+00 -1.08141607e-12 -7.98509940e-14  2.31606060e-11
 -1.21447412e-10 -8.60882089e-16  6.83533856e-16  1.89886354e-05
 -1.36682304e-06 -6.75638223e-09  5.13863514e-10]
[ 0.00000000e+00 -1.08139847e-12 -7.98520697e-14  2.31607209e-11
 -1.21438757e-10 -8.60944558e-16  6.83533856e-16  1.89942263e-05
 -1.36702823e-06 -6.75569742e-09  5.13949913e-10]
[ 0.00000000e+00 -1.08161433e-12 -7.98391839e-14  2.31554651e-11
 -1.21484845e-10 -8.61141288e-16  6.83293632e-16  1.89954367e-05
 -1.36686835e-06 -6.75793664e-09  5.14158337e-10]
[ 0.00000000e+00 -1.08131900e-12 -7.98505608e-14  2.31475096e-11
 -1.21499202e-10 -8.61016543e-16  6.83404456e-16  1.89924711e-05
 -1.36686835e-06 -6.75701111e-09  5.14109485e-10]
[ 0.00000000e+00 -1.08139988e-12 -7.98391839e-14  2.31614144e-11
 -1.21455897e-10 -8.61091060e-16  6.83522190e-16  1.89942263e-05
 -1.36693206e-06 -6.75828877e-09  5.14013169e-10]
[ 0.00000000e+00 -1.08161433e-12 -7.98391839e-14  2.31594783e-11
 -1.21488219e-10 -8.60924921e-16  6.83740399e-16  1.89914746e-05
 -1.36704082e-06 -6.75713009e-09  5.14056885e-10]
[ 0.00000000e+00 -1.08139450e-12 -7.98406063e-14  2.31475096e-11
 -1.21484500e-10 -8.60992426e-16  6.83436969e-16  1.89932404e-05
 -1.36710982e-06 -6.75772728e-09  5.14181764e-10]
[ 0.00000000e+00 -1.08143280e-12 -7.98510219e-14  2.31520824e-11
 -1.21473927e-10 -8.60992426e-16  6.83533856e-16  1.89923509e-05
 -1.36660483e-06 -6.75754594e-09  5.14056885e-10]
[ 0.00000000e+00 -1.08129239e-12 -7.98572074e-14  2.31607209e-11
 -1.21447412e-10 -8.60882089e-16  6.83533856e-16  1.89928032e-05
 -1.36682876e-06 -6.75828877e-09  5.14013169e-10]
[ 0.00000000e+00 -1.08139847e-12 -7.98351183e-14  2.31607209e-11
 -1.21455897e-10 -8.60944558e-16  6.83533856e-16  1.89942263e-05
 -1.36696896e-06 -6.75825774e-09  5.14013169e-10]


 
 
 
generation 2

initial population:
[ 0.00000000e+00 -1.08143280e-12 -7.98373295e-14  2.31520824e-11
 -1.21461211e-10 -8.60992426e-16  6.83570138e-16  1.89923509e-05
 -1.36660483e-06 -6.75701111e-09  5.14082314e-10]
[ 0.00000000e+00 -1.08161433e-12 -7.98391839e-14  2.31554651e-11
 -1.21464211e-10 -8.61141288e-16  6.83293632e-16  1.89980567e-05
 -1.36686835e-06 -6.75793664e-09  5.14123887e-10]
[ 0.00000000e+00 -1.08143280e-12 -7.98510219e-14  2.31520824e-11
 -1.21473927e-10 -8.60992426e-16  6.83533856e-16  1.89923509e-05
 -1.36660483e-06 -6.75754594e-09  5.14115766e-10]
[ 0.00000000e+00 -1.08131900e-12 -7.98509279e-14  2.31472167e-11
 -1.21484845e-10 -8.60992426e-16  6.83280033e-16  1.89924711e-05
 -1.36676484e-06 -6.75745867e-09  5.14109485e-10]
[ 0.00000000e+00 -1.08131900e-12 -7.98505608e-14  2.31496068e-11
 -1.21499202e-10 -8.61016543e-16  6.83404456e-16  1.89928517e-05
 -1.36686835e-06 -6.75701111e-09  5.14109485e-10]
[ 0.00000000e+00 -1.08131900e-12 -7.98505608e-14  2.31464950e-11
 -1.21479329e-10 -8.60992426e-16  6.83436969e-16  1.89932404e-05
 -1.36686835e-06 -6.75772728e-09  5.14109485e-10]
[ 0.00000000e+00 -1.08139450e-12 -7.98406063e-14  2.31475096e-11
 -1.21484500e-10 -8.61009856e-16  6.83348314e-16  1.89932404e-05
 -1.36730707e-06 -6.75772728e-09  5.14181764e-10]
[ 0.00000000e+00 -1.08129239e-12 -7.98572074e-14  2.31607209e-11
 -1.21447412e-10 -8.60882089e-16  6.83533856e-16  1.89928032e-05
 -1.36682876e-06 -6.75828877e-09  5.13973356e-10]
[ 0.00000000e+00 -1.08161433e-12 -7.98391839e-14  2.31594783e-11
 -1.21488219e-10 -8.60924921e-16  6.83740399e-16  1.89914746e-05
 -1.36687787e-06 -6.75713009e-09  5.14056885e-10]
[ 0.00000000e+00 -1.08153974e-12 -7.98642326e-14  2.31540475e-11
 -1.21488219e-10 -8.60944264e-16  6.83740399e-16  1.89914746e-05
 -1.36683443e-06 -6.75721648e-09  5.14056885e-10]

parents after selection:
parent1 and its probability : [ 0.00000000e+00 -1.08129239e-12 -7.98572074e-14  2.31607209e-11
 -1.21447412e-10 -8.60882089e-16  6.83533856e-16  1.89928032e-05
 -1.36682876e-06 -6.75828877e-09  5.13973356e-10]0.09931594411127645
parent2 and its probability:  [ 0.00000000e+00 -1.08143280e-12 -7.98373295e-14  2.31520824e-11
 -1.21461211e-10 -8.60992426e-16  6.83570138e-16  1.89923509e-05
 -1.36660483e-06 -6.75701111e-09  5.14082314e-10]0.1004847577738416
parents after selection:
parent1 and its probability : [ 0.00000000e+00 -1.08131900e-12 -7.98509279e-14  2.31472167e-11
 -1.21484845e-10 -8.60992426e-16  6.83280033e-16  1.89924711e-05
 -1.36676484e-06 -6.75745867e-09  5.14109485e-10]0.10025045103275898
parent2 and its probability:  [ 0.00000000e+00 -1.08131900e-12 -7.98509279e-14  2.31472167e-11
 -1.21484845e-10 -8.60992426e-16  6.83280033e-16  1.89924711e-05
 -1.36676484e-06 -6.75745867e-09  5.14109485e-10]0.10025045103275898
parents after selection:
parent1 and its probability : [ 0.00000000e+00 -1.08143280e-12 -7.98510219e-14  2.31520824e-11
 -1.21473927e-10 -8.60992426e-16  6.83533856e-16  1.89923509e-05
 -1.36660483e-06 -6.75754594e-09  5.14115766e-10]0.100615381587537
parent2 and its probability:  [ 0.00000000e+00 -1.08139450e-12 -7.98406063e-14  2.31475096e-11
 -1.21484500e-10 -8.61009856e-16  6.83348314e-16  1.89932404e-05
 -1.36730707e-06 -6.75772728e-09  5.14181764e-10]0.09946830236298473
parents after selection:
parent1 and its probability : [ 0.00000000e+00 -1.08139450e-12 -7.98406063e-14  2.31475096e-11
 -1.21484500e-10 -8.61009856e-16  6.83348314e-16  1.89932404e-05
 -1.36730707e-06 -6.75772728e-09  5.14181764e-10]0.09946830236298473
parent2 and its probability:  [ 0.00000000e+00 -1.08161433e-12 -7.98391839e-14  2.31554651e-11
 -1.21464211e-10 -8.61141288e-16  6.83293632e-16  1.89980567e-05
 -1.36686835e-06 -6.75793664e-09  5.14123887e-10]0.10021934028942249
parents after selection:
parent1 and its probability : [ 0.00000000e+00 -1.08161433e-12 -7.98391839e-14  2.31554651e-11
 -1.21464211e-10 -8.61141288e-16  6.83293632e-16  1.89980567e-05
 -1.36686835e-06 -6.75793664e-09  5.14123887e-10]0.10021934028942249
parent2 and its probability:  [ 0.00000000e+00 -1.08139450e-12 -7.98406063e-14  2.31475096e-11
 -1.21484500e-10 -8.61009856e-16  6.83348314e-16  1.89932404e-05
 -1.36730707e-06 -6.75772728e-09  5.14181764e-10]0.09946830236298473
parents after selection:
parent1 and its probability : [ 0.00000000e+00 -1.08131900e-12 -7.98505608e-14  2.31496068e-11
 -1.21499202e-10 -8.61016543e-16  6.83404456e-16  1.89928517e-05
 -1.36686835e-06 -6.75701111e-09  5.14109485e-10]0.1000786131363612
parent2 and its probability:  [ 0.00000000e+00 -1.08153974e-12 -7.98642326e-14  2.31540475e-11
 -1.21488219e-10 -8.60944264e-16  6.83740399e-16  1.89914746e-05
 -1.36683443e-06 -6.75721648e-09  5.14056885e-10]0.0998108603970565
parents after selection:
parent1 and its probability : [ 0.00000000e+00 -1.08129239e-12 -7.98572074e-14  2.31607209e-11
 -1.21447412e-10 -8.60882089e-16  6.83533856e-16  1.89928032e-05
 -1.36682876e-06 -6.75828877e-09  5.13973356e-10]0.09931594411127645
parent2 and its probability:  [ 0.00000000e+00 -1.08131900e-12 -7.98505608e-14  2.31464950e-11
 -1.21479329e-10 -8.60992426e-16  6.83436969e-16  1.89932404e-05
 -1.36686835e-06 -6.75772728e-09  5.14109485e-10]0.10002741819958785
parents after selection:
parent1 and its probability : [ 0.00000000e+00 -1.08131900e-12 -7.98505608e-14  2.31496068e-11
 -1.21499202e-10 -8.61016543e-16  6.83404456e-16  1.89928517e-05
 -1.36686835e-06 -6.75701111e-09  5.14109485e-10]0.1000786131363612
parent2 and its probability:  [ 0.00000000e+00 -1.08131900e-12 -7.98505608e-14  2.31496068e-11
 -1.21499202e-10 -8.61016543e-16  6.83404456e-16  1.89928517e-05
 -1.36686835e-06 -6.75701111e-09  5.14109485e-10]0.1000786131363612
parents after selection:
parent1 and its probability : [ 0.00000000e+00 -1.08153974e-12 -7.98642326e-14  2.31540475e-11
 -1.21488219e-10 -8.60944264e-16  6.83740399e-16  1.89914746e-05
 -1.36683443e-06 -6.75721648e-09  5.14056885e-10]0.0998108603970565
parent2 and its probability:  [ 0.00000000e+00 -1.08129239e-12 -7.98572074e-14  2.31607209e-11
 -1.21447412e-10 -8.60882089e-16  6.83533856e-16  1.89928032e-05
 -1.36682876e-06 -6.75828877e-09  5.13973356e-10]0.09931594411127645
parents after selection:
parent1 and its probability : [ 0.00000000e+00 -1.08161433e-12 -7.98391839e-14  2.31554651e-11
 -1.21464211e-10 -8.61141288e-16  6.83293632e-16  1.89980567e-05
 -1.36686835e-06 -6.75793664e-09  5.14123887e-10]0.10021934028942249
parent2 and its probability:  [ 0.00000000e+00 -1.08139450e-12 -7.98406063e-14  2.31475096e-11
 -1.21484500e-10 -8.61009856e-16  6.83348314e-16  1.89932404e-05
 -1.36730707e-06 -6.75772728e-09  5.14181764e-10]0.09946830236298473
population after corssover:
[ 0.00000000e+00 -1.08129239e-12 -7.98572074e-14  2.31607209e-11
 -1.21447412e-10 -8.60882089e-16  6.83533856e-16  1.89928032e-05
 -1.36682876e-06 -6.75701111e-09  5.14082314e-10]
[ 0.00000000e+00 -1.08131900e-12 -7.98509279e-14  2.31472167e-11
 -1.21484845e-10 -8.60992426e-16  6.83280033e-16  1.89924711e-05
 -1.36676484e-06 -6.75745867e-09  5.14109485e-10]
[ 0.00000000e+00 -1.08143280e-12 -7.98406063e-14  2.31475096e-11
 -1.21484500e-10 -8.61009856e-16  6.83348314e-16  1.89932404e-05
 -1.36730707e-06 -6.75772728e-09  5.14181764e-10]
[ 0.00000000e+00 -1.08139450e-12 -7.98406063e-14  2.31554651e-11
 -1.21464211e-10 -8.61141288e-16  6.83293632e-16  1.89980567e-05
 -1.36686835e-06 -6.75793664e-09  5.14123887e-10]
[ 0.00000000e+00 -1.08161433e-12 -7.98391839e-14  2.31554651e-11
 -1.21464211e-10 -8.61009856e-16  6.83348314e-16  1.89932404e-05
 -1.36730707e-06 -6.75772728e-09  5.14181764e-10]
[ 0.00000000e+00 -1.08131900e-12 -7.98505608e-14  2.31496068e-11
 -1.21499202e-10 -8.61016543e-16  6.83404456e-16  1.89928517e-05
 -1.36686835e-06 -6.75701111e-09  5.14056885e-10]
[ 0.00000000e+00 -1.08129239e-12 -7.98572074e-14  2.31607209e-11
 -1.21479329e-10 -8.60992426e-16  6.83436969e-16  1.89932404e-05
 -1.36686835e-06 -6.75772728e-09  5.14109485e-10]
[ 0.00000000e+00 -1.08131900e-12 -7.98505608e-14  2.31496068e-11
 -1.21499202e-10 -8.61016543e-16  6.83404456e-16  1.89928517e-05
 -1.36686835e-06 -6.75701111e-09  5.14109485e-10]
[ 0.00000000e+00 -1.08153974e-12 -7.98642326e-14  2.31540475e-11
 -1.21488219e-10 -8.60944264e-16  6.83533856e-16  1.89928032e-05
 -1.36682876e-06 -6.75828877e-09  5.13973356e-10]
[ 0.00000000e+00 -1.08161433e-12 -7.98391839e-14  2.31554651e-11
 -1.21464211e-10 -8.61141288e-16  6.83293632e-16  1.89980567e-05
 -1.36686835e-06 -6.75772728e-09  5.14181764e-10]

population after mutation:
[ 0.00000000e+00 -1.08129239e-12 -7.98572074e-14  2.31607209e-11
 -1.21447412e-10 -8.60762923e-16  6.83613746e-16  1.89928032e-05
 -1.36682876e-06 -6.75701111e-09  5.14082314e-10]
[ 0.00000000e+00 -1.08125183e-12 -7.98509279e-14  2.31472167e-11
 -1.21484845e-10 -8.60992426e-16  6.83280033e-16  1.89949584e-05
 -1.36676484e-06 -6.75745867e-09  5.14109485e-10]
[ 0.00000000e+00 -1.08158312e-12 -7.98406063e-14  2.31475096e-11
 -1.21484500e-10 -8.61009856e-16  6.83334858e-16  1.89932404e-05
 -1.36724091e-06 -6.75772728e-09  5.14181764e-10]
[ 0.00000000e+00 -1.08139450e-12 -7.98406063e-14  2.31554651e-11
 -1.21464211e-10 -8.61141288e-16  6.83293632e-16  1.89980567e-05
 -1.36660514e-06 -6.75921945e-09  5.14123887e-10]
[ 0.00000000e+00 -1.08161433e-12 -7.98452474e-14  2.31554651e-11
 -1.21464211e-10 -8.61009856e-16  6.83348314e-16  1.89932404e-05
 -1.36730707e-06 -6.75772728e-09  5.14181764e-10]
[ 0.00000000e+00 -1.08131900e-12 -7.98505608e-14  2.31496068e-11
 -1.21499202e-10 -8.61016543e-16  6.83413225e-16  1.89928517e-05
 -1.36686835e-06 -6.75701111e-09  5.14056885e-10]
[ 0.00000000e+00 -1.08129239e-12 -7.98572074e-14  2.31607209e-11
 -1.21479329e-10 -8.60992426e-16  6.83436969e-16  1.89932404e-05
 -1.36686835e-06 -6.75772728e-09  5.14109485e-10]
[ 0.00000000e+00 -1.08131900e-12 -7.98505608e-14  2.31496068e-11
 -1.21499202e-10 -8.61016543e-16  6.83404456e-16  1.89919464e-05
 -1.36686835e-06 -6.75725829e-09  5.14109485e-10]
[ 0.00000000e+00 -1.08169573e-12 -7.98642326e-14  2.31540475e-11
 -1.21488219e-10 -8.60944264e-16  6.83474161e-16  1.89928032e-05
 -1.36682876e-06 -6.75858952e-09  5.13973356e-10]
[ 0.00000000e+00 -1.08181471e-12 -7.98505266e-14  2.31554651e-11
 -1.21464211e-10 -8.61141288e-16  6.83293632e-16  1.89980567e-05
 -1.36686835e-06 -6.75772728e-09  5.14181764e-10]


 
 
 
generation 2

initial population:
[ 0.00000000e+00 -1.08154676e-12 -7.98279457e-14  2.31593807e-11
 -1.21460741e-10 -8.61141288e-16  6.83293632e-16  1.89980567e-05
 -1.36660514e-06 -6.75921945e-09  5.14123887e-10]
[ 0.00000000e+00 -1.08133675e-12 -7.98510219e-14  2.31520824e-11
 -1.21473927e-10 -8.60992426e-16  6.83533856e-16  1.89923509e-05
 -1.36660483e-06 -6.75754594e-09  5.14115766e-10]
[ 0.00000000e+00 -1.08169776e-12 -7.98505266e-14  2.31554651e-11
 -1.21464211e-10 -8.61141288e-16  6.83293632e-16  1.90014277e-05
 -1.36686835e-06 -6.75772728e-09  5.14181764e-10]
[ 0.00000000e+00 -1.08143280e-12 -7.98373295e-14  2.31515042e-11
 -1.21461211e-10 -8.60992426e-16  6.83570138e-16  1.89923509e-05
 -1.36660483e-06 -6.75701111e-09  5.14082314e-10]
[ 0.00000000e+00 -1.08140787e-12 -7.98509279e-14  2.31472167e-11
 -1.21484845e-10 -8.60992426e-16  6.83280033e-16  1.89949584e-05
 -1.36676484e-06 -6.75745867e-09  5.14109485e-10]
[ 0.00000000e+00 -1.08131900e-12 -7.98509279e-14  2.31506569e-11
 -1.21492377e-10 -8.60992426e-16  6.83192633e-16  1.89921535e-05
 -1.36676484e-06 -6.75745867e-09  5.14109485e-10]
[ 0.00000000e+00 -1.08161433e-12 -7.98391839e-14  2.31554651e-11
 -1.21464211e-10 -8.61141288e-16  6.83293632e-16  1.89980567e-05
 -1.36686835e-06 -6.75793664e-09  5.14123887e-10]
[ 0.00000000e+00 -1.08131900e-12 -7.98505608e-14  2.31496068e-11
 -1.21499202e-10 -8.61016543e-16  6.83404456e-16  1.89961149e-05
 -1.36686835e-06 -6.75701111e-09  5.14112704e-10]
[ 0.00000000e+00 -1.08129239e-12 -7.98526257e-14  2.31607209e-11
 -1.21447412e-10 -8.60731830e-16  6.83613746e-16  1.89928032e-05
 -1.36682876e-06 -6.75701111e-09  5.14082314e-10]
[ 0.00000000e+00 -1.08129239e-12 -7.98572074e-14  2.31607209e-11
 -1.21479329e-10 -8.60949186e-16  6.83436969e-16  1.89932404e-05
 -1.36686835e-06 -6.75772728e-09  5.14109485e-10]

parents after selection:
parent1 and its probability : [ 0.00000000e+00 -1.08169776e-12 -7.98505266e-14  2.31554651e-11
 -1.21464211e-10 -8.61141288e-16  6.83293632e-16  1.90014277e-05
 -1.36686835e-06 -6.75772728e-09  5.14181764e-10]0.10031253783493285
parent2 and its probability:  [ 0.00000000e+00 -1.08154676e-12 -7.98279457e-14  2.31593807e-11
 -1.21460741e-10 -8.61141288e-16  6.83293632e-16  1.89980567e-05
 -1.36660514e-06 -6.75921945e-09  5.14123887e-10]0.1003045925034874
parents after selection:
parent1 and its probability : [ 0.00000000e+00 -1.08129239e-12 -7.98526257e-14  2.31607209e-11
 -1.21447412e-10 -8.60731830e-16  6.83613746e-16  1.89928032e-05
 -1.36682876e-06 -6.75701111e-09  5.14082314e-10]0.09971942982373971
parent2 and its probability:  [ 0.00000000e+00 -1.08161433e-12 -7.98391839e-14  2.31554651e-11
 -1.21464211e-10 -8.61141288e-16  6.83293632e-16  1.89980567e-05
 -1.36686835e-06 -6.75793664e-09  5.14123887e-10]0.09986620335375894
parents after selection:
parent1 and its probability : [ 0.00000000e+00 -1.08161433e-12 -7.98391839e-14  2.31554651e-11
 -1.21464211e-10 -8.61141288e-16  6.83293632e-16  1.89980567e-05
 -1.36686835e-06 -6.75793664e-09  5.14123887e-10]0.09986620335375894
parent2 and its probability:  [ 0.00000000e+00 -1.08161433e-12 -7.98391839e-14  2.31554651e-11
 -1.21464211e-10 -8.61141288e-16  6.83293632e-16  1.89980567e-05
 -1.36686835e-06 -6.75793664e-09  5.14123887e-10]0.09986620335375894
parents after selection:
parent1 and its probability : [ 0.00000000e+00 -1.08133675e-12 -7.98510219e-14  2.31520824e-11
 -1.21473927e-10 -8.60992426e-16  6.83533856e-16  1.89923509e-05
 -1.36660483e-06 -6.75754594e-09  5.14115766e-10]0.10026084914467884
parent2 and its probability:  [ 0.00000000e+00 -1.08154676e-12 -7.98279457e-14  2.31593807e-11
 -1.21460741e-10 -8.61141288e-16  6.83293632e-16  1.89980567e-05
 -1.36660514e-06 -6.75921945e-09  5.14123887e-10]0.1003045925034874
parents after selection:
parent1 and its probability : [ 0.00000000e+00 -1.08129239e-12 -7.98572074e-14  2.31607209e-11
 -1.21479329e-10 -8.60949186e-16  6.83436969e-16  1.89932404e-05
 -1.36686835e-06 -6.75772728e-09  5.14109485e-10]0.09968381517550484
parent2 and its probability:  [ 0.00000000e+00 -1.08131900e-12 -7.98505608e-14  2.31496068e-11
 -1.21499202e-10 -8.61016543e-16  6.83404456e-16  1.89961149e-05
 -1.36686835e-06 -6.75701111e-09  5.14112704e-10]0.09985420879481781
parents after selection:
parent1 and its probability : [ 0.00000000e+00 -1.08129239e-12 -7.98526257e-14  2.31607209e-11
 -1.21447412e-10 -8.60731830e-16  6.83613746e-16  1.89928032e-05
 -1.36682876e-06 -6.75701111e-09  5.14082314e-10]0.09971942982373971
parent2 and its probability:  [ 0.00000000e+00 -1.08140787e-12 -7.98509279e-14  2.31472167e-11
 -1.21484845e-10 -8.60992426e-16  6.83280033e-16  1.89949584e-05
 -1.36676484e-06 -6.75745867e-09  5.14109485e-10]0.09998122883998939
parents after selection:
parent1 and its probability : [ 0.00000000e+00 -1.08131900e-12 -7.98509279e-14  2.31506569e-11
 -1.21492377e-10 -8.60992426e-16  6.83192633e-16  1.89921535e-05
 -1.36676484e-06 -6.75745867e-09  5.14109485e-10]0.09988644892673426
parent2 and its probability:  [ 0.00000000e+00 -1.08143280e-12 -7.98373295e-14  2.31515042e-11
 -1.21461211e-10 -8.60992426e-16  6.83570138e-16  1.89923509e-05
 -1.36660483e-06 -6.75701111e-09  5.14082314e-10]0.10013068560235582
parents after selection:
parent1 and its probability : [ 0.00000000e+00 -1.08140787e-12 -7.98509279e-14  2.31472167e-11
 -1.21484845e-10 -8.60992426e-16  6.83280033e-16  1.89949584e-05
 -1.36676484e-06 -6.75745867e-09  5.14109485e-10]0.09998122883998939
parent2 and its probability:  [ 0.00000000e+00 -1.08161433e-12 -7.98391839e-14  2.31554651e-11
 -1.21464211e-10 -8.61141288e-16  6.83293632e-16  1.89980567e-05
 -1.36686835e-06 -6.75793664e-09  5.14123887e-10]0.09986620335375894
parents after selection:
parent1 and its probability : [ 0.00000000e+00 -1.08169776e-12 -7.98505266e-14  2.31554651e-11
 -1.21464211e-10 -8.61141288e-16  6.83293632e-16  1.90014277e-05
 -1.36686835e-06 -6.75772728e-09  5.14181764e-10]0.10031253783493285
parent2 and its probability:  [ 0.00000000e+00 -1.08140787e-12 -7.98509279e-14  2.31472167e-11
 -1.21484845e-10 -8.60992426e-16  6.83280033e-16  1.89949584e-05
 -1.36676484e-06 -6.75745867e-09  5.14109485e-10]0.09998122883998939
parents after selection:
parent1 and its probability : [ 0.00000000e+00 -1.08129239e-12 -7.98572074e-14  2.31607209e-11
 -1.21479329e-10 -8.60949186e-16  6.83436969e-16  1.89932404e-05
 -1.36686835e-06 -6.75772728e-09  5.14109485e-10]0.09968381517550484
parent2 and its probability:  [ 0.00000000e+00 -1.08143280e-12 -7.98373295e-14  2.31515042e-11
 -1.21461211e-10 -8.60992426e-16  6.83570138e-16  1.89923509e-05
 -1.36660483e-06 -6.75701111e-09  5.14082314e-10]0.10013068560235582
population after corssover:
[ 0.00000000e+00 -1.08169776e-12 -7.98505266e-14  2.31554651e-11
 -1.21464211e-10 -8.61141288e-16  6.83293632e-16  1.89980567e-05
 -1.36660514e-06 -6.75921945e-09  5.14123887e-10]
[ 0.00000000e+00 -1.08129239e-12 -7.98526257e-14  2.31607209e-11
 -1.21464211e-10 -8.61141288e-16  6.83293632e-16  1.89980567e-05
 -1.36686835e-06 -6.75793664e-09  5.14123887e-10]
[ 0.00000000e+00 -1.08161433e-12 -7.98391839e-14  2.31554651e-11
 -1.21464211e-10 -8.61141288e-16  6.83293632e-16  1.89980567e-05
 -1.36686835e-06 -6.75793664e-09  5.14123887e-10]
[ 0.00000000e+00 -1.08154676e-12 -7.98279457e-14  2.31593807e-11
 -1.21460741e-10 -8.61141288e-16  6.83293632e-16  1.89980567e-05
 -1.36660514e-06 -6.75921945e-09  5.14123887e-10]
[ 0.00000000e+00 -1.08129239e-12 -7.98572074e-14  2.31496068e-11
 -1.21499202e-10 -8.61016543e-16  6.83404456e-16  1.89961149e-05
 -1.36686835e-06 -6.75701111e-09  5.14112704e-10]
[ 0.00000000e+00 -1.08129239e-12 -7.98526257e-14  2.31607209e-11
 -1.21447412e-10 -8.60731830e-16  6.83613746e-16  1.89928032e-05
 -1.36682876e-06 -6.75745867e-09  5.14109485e-10]
[ 0.00000000e+00 -1.08131900e-12 -7.98509279e-14  2.31506569e-11
 -1.21492377e-10 -8.60992426e-16  6.83192633e-16  1.89923509e-05
 -1.36660483e-06 -6.75701111e-09  5.14082314e-10]
[ 0.00000000e+00 -1.08140787e-12 -7.98509279e-14  2.31472167e-11
 -1.21484845e-10 -8.60992426e-16  6.83280033e-16  1.89949584e-05
 -1.36676484e-06 -6.75793664e-09  5.14123887e-10]
[ 0.00000000e+00 -1.08169776e-12 -7.98505266e-14  2.31554651e-11
 -1.21464211e-10 -8.61141288e-16  6.83293632e-16  1.90014277e-05
 -1.36676484e-06 -6.75745867e-09  5.14109485e-10]
[ 0.00000000e+00 -1.08129239e-12 -7.98572074e-14  2.31607209e-11
 -1.21479329e-10 -8.60949186e-16  6.83436969e-16  1.89932404e-05
 -1.36660483e-06 -6.75701111e-09  5.14082314e-10]

population after mutation:
[ 0.00000000e+00 -1.08169776e-12 -7.98505266e-14  2.31583155e-11
 -1.21485575e-10 -8.61070356e-16  6.83293632e-16  1.89980567e-05
 -1.36660514e-06 -6.75921945e-09  5.14040679e-10]
[ 0.00000000e+00 -1.08129239e-12 -7.98526257e-14  2.31573318e-11
 -1.21464211e-10 -8.61141288e-16  6.83293632e-16  1.89980567e-05
 -1.36686835e-06 -6.75668605e-09  5.14123887e-10]
[ 0.00000000e+00 -1.08146421e-12 -7.98391839e-14  2.31554651e-11
 -1.21464211e-10 -8.61141288e-16  6.83293632e-16  1.90009196e-05
 -1.36686835e-06 -6.75793664e-09  5.14123887e-10]
[ 0.00000000e+00 -1.08154676e-12 -7.98279457e-14  2.31562491e-11
 -1.21461416e-10 -8.61141288e-16  6.83330097e-16  1.89959803e-05
 -1.36660514e-06 -6.75921945e-09  5.14123887e-10]
[ 0.00000000e+00 -1.08129239e-12 -7.98572074e-14  2.31496068e-11
 -1.21499202e-10 -8.61016614e-16  6.83404456e-16  1.89961149e-05
 -1.36659581e-06 -6.75603360e-09  5.14112704e-10]
[ 0.00000000e+00 -1.08129239e-12 -7.98590398e-14  2.31607209e-11
 -1.21447412e-10 -8.60731830e-16  6.83613746e-16  1.89928032e-05
 -1.36657460e-06 -6.75745867e-09  5.14109485e-10]
[ 0.00000000e+00 -1.08131900e-12 -7.98509279e-14  2.31506569e-11
 -1.21485103e-10 -8.60992426e-16  6.83192633e-16  1.89923509e-05
 -1.36643084e-06 -6.75701111e-09  5.14138801e-10]
[ 0.00000000e+00 -1.08130575e-12 -7.98509279e-14  2.31472167e-11
 -1.21484845e-10 -8.60992426e-16  6.83280033e-16  1.89922851e-05
 -1.36676484e-06 -6.75793664e-09  5.14123887e-10]
[ 0.00000000e+00 -1.08169776e-12 -7.98505266e-14  2.31554651e-11
 -1.21448509e-10 -8.61141288e-16  6.83293632e-16  1.90014277e-05
 -1.36676484e-06 -6.75873992e-09  5.14153008e-10]
[ 0.00000000e+00 -1.08139847e-12 -7.98572074e-14  2.31607209e-11
 -1.21479329e-10 -8.60949186e-16  6.83436969e-16  1.89932404e-05
 -1.36660483e-06 -6.75701111e-09  5.14082314e-10]


 
 
 
generation 2

initial population:
[ 0.00000000e+00 -1.08131900e-12 -7.98355050e-14  2.31462941e-11
 -1.21463839e-10 -8.60992426e-16  6.83107995e-16  1.89923509e-05
 -1.36623474e-06 -6.75701111e-09  5.14138801e-10]
[ 0.00000000e+00 -1.08131440e-12 -7.98572074e-14  2.31496068e-11
 -1.21492137e-10 -8.61016614e-16  6.83404456e-16  1.89940701e-05
 -1.36659581e-06 -6.75603360e-09  5.14112704e-10]
[ 0.00000000e+00 -1.08129239e-12 -7.98590398e-14  2.31607209e-11
 -1.21447412e-10 -8.60731830e-16  6.83563528e-16  1.89928032e-05
 -1.36646113e-06 -6.75745867e-09  5.14109485e-10]
[ 0.00000000e+00 -1.08169776e-12 -7.98505266e-14  2.31554651e-11
 -1.21464211e-10 -8.61141288e-16  6.83293632e-16  1.90014277e-05
 -1.36686835e-06 -6.75772728e-09  5.14110691e-10]
[ 0.00000000e+00 -1.08154676e-12 -7.98279457e-14  2.31593807e-11
 -1.21460741e-10 -8.61141288e-16  6.83293632e-16  1.89980567e-05
 -1.36660514e-06 -6.75921945e-09  5.14123887e-10]
[ 0.00000000e+00 -1.08181811e-12 -7.98626870e-14  2.31554651e-11
 -1.21433542e-10 -8.61141288e-16  6.83293632e-16  1.90014277e-05
 -1.36676484e-06 -6.75754003e-09  5.14153008e-10]
[ 0.00000000e+00 -1.08133675e-12 -7.98389777e-14  2.31520824e-11
 -1.21473927e-10 -8.60895500e-16  6.83533856e-16  1.89923509e-05
 -1.36660483e-06 -6.75629048e-09  5.14115766e-10]
[ 0.00000000e+00 -1.08154676e-12 -7.98233261e-14  2.31562491e-11
 -1.21461416e-10 -8.61141288e-16  6.83330097e-16  1.89959803e-05
 -1.36660514e-06 -6.75921945e-09  5.14123887e-10]
[ 0.00000000e+00 -1.08139847e-12 -7.98572074e-14  2.31607209e-11
 -1.21479329e-10 -8.60949186e-16  6.83425704e-16  1.89932404e-05
 -1.36660483e-06 -6.75701111e-09  5.14066939e-10]
[ 0.00000000e+00 -1.08143280e-12 -7.98373295e-14  2.31515042e-11
 -1.21461211e-10 -8.60992426e-16  6.83570138e-16  1.89923509e-05
 -1.36660483e-06 -6.75825122e-09  5.14082314e-10]

parents after selection:
parent1 and its probability : [ 0.00000000e+00 -1.08133675e-12 -7.98389777e-14  2.31520824e-11
 -1.21473927e-10 -8.60895500e-16  6.83533856e-16  1.89923509e-05
 -1.36660483e-06 -6.75629048e-09  5.14115766e-10]0.10003579525994623
parent2 and its probability:  [ 0.00000000e+00 -1.08169776e-12 -7.98505266e-14  2.31554651e-11
 -1.21464211e-10 -8.61141288e-16  6.83293632e-16  1.90014277e-05
 -1.36686835e-06 -6.75772728e-09  5.14110691e-10]0.09956536893616799
parents after selection:
parent1 and its probability : [ 0.00000000e+00 -1.08131440e-12 -7.98572074e-14  2.31496068e-11
 -1.21492137e-10 -8.61016614e-16  6.83404456e-16  1.89940701e-05
 -1.36659581e-06 -6.75603360e-09  5.14112704e-10]0.10009488492547364
parent2 and its probability:  [ 0.00000000e+00 -1.08131440e-12 -7.98572074e-14  2.31496068e-11
 -1.21492137e-10 -8.61016614e-16  6.83404456e-16  1.89940701e-05
 -1.36659581e-06 -6.75603360e-09  5.14112704e-10]0.10009488492547364
parents after selection:
parent1 and its probability : [ 0.00000000e+00 -1.08133675e-12 -7.98389777e-14  2.31520824e-11
 -1.21473927e-10 -8.60895500e-16  6.83533856e-16  1.89923509e-05
 -1.36660483e-06 -6.75629048e-09  5.14115766e-10]0.10003579525994623
parent2 and its probability:  [ 0.00000000e+00 -1.08154676e-12 -7.98233261e-14  2.31562491e-11
 -1.21461416e-10 -8.61141288e-16  6.83330097e-16  1.89959803e-05
 -1.36660514e-06 -6.75921945e-09  5.14123887e-10]0.09987142739416019
parents after selection:
parent1 and its probability : [ 0.00000000e+00 -1.08154676e-12 -7.98233261e-14  2.31562491e-11
 -1.21461416e-10 -8.61141288e-16  6.83330097e-16  1.89959803e-05
 -1.36660514e-06 -6.75921945e-09  5.14123887e-10]0.09987142739416019
parent2 and its probability:  [ 0.00000000e+00 -1.08131440e-12 -7.98572074e-14  2.31496068e-11
 -1.21492137e-10 -8.61016614e-16  6.83404456e-16  1.89940701e-05
 -1.36659581e-06 -6.75603360e-09  5.14112704e-10]0.10009488492547364
parents after selection:
parent1 and its probability : [ 0.00000000e+00 -1.08154676e-12 -7.98279457e-14  2.31593807e-11
 -1.21460741e-10 -8.61141288e-16  6.83293632e-16  1.89980567e-05
 -1.36660514e-06 -6.75921945e-09  5.14123887e-10]0.09994041703913616
parent2 and its probability:  [ 0.00000000e+00 -1.08129239e-12 -7.98590398e-14  2.31607209e-11
 -1.21447412e-10 -8.60731830e-16  6.83563528e-16  1.89928032e-05
 -1.36646113e-06 -6.75745867e-09  5.14109485e-10]0.10024336340887524
parents after selection:
parent1 and its probability : [ 0.00000000e+00 -1.08129239e-12 -7.98590398e-14  2.31607209e-11
 -1.21447412e-10 -8.60731830e-16  6.83563528e-16  1.89928032e-05
 -1.36646113e-06 -6.75745867e-09  5.14109485e-10]0.10024336340887524
parent2 and its probability:  [ 0.00000000e+00 -1.08139847e-12 -7.98572074e-14  2.31607209e-11
 -1.21479329e-10 -8.60949186e-16  6.83425704e-16  1.89932404e-05
 -1.36660483e-06 -6.75701111e-09  5.14066939e-10]0.0997226462028479
parents after selection:
parent1 and its probability : [ 0.00000000e+00 -1.08154676e-12 -7.98233261e-14  2.31562491e-11
 -1.21461416e-10 -8.61141288e-16  6.83330097e-16  1.89959803e-05
 -1.36660514e-06 -6.75921945e-09  5.14123887e-10]0.09987142739416019
parent2 and its probability:  [ 0.00000000e+00 -1.08129239e-12 -7.98590398e-14  2.31607209e-11
 -1.21447412e-10 -8.60731830e-16  6.83563528e-16  1.89928032e-05
 -1.36646113e-06 -6.75745867e-09  5.14109485e-10]0.10024336340887524
parents after selection:
parent1 and its probability : [ 0.00000000e+00 -1.08154676e-12 -7.98233261e-14  2.31562491e-11
 -1.21461416e-10 -8.61141288e-16  6.83330097e-16  1.89959803e-05
 -1.36660514e-06 -6.75921945e-09  5.14123887e-10]0.09987142739416019
parent2 and its probability:  [ 0.00000000e+00 -1.08154676e-12 -7.98233261e-14  2.31562491e-11
 -1.21461416e-10 -8.61141288e-16  6.83330097e-16  1.89959803e-05
 -1.36660514e-06 -6.75921945e-09  5.14123887e-10]0.09987142739416019
parents after selection:
parent1 and its probability : [ 0.00000000e+00 -1.08133675e-12 -7.98389777e-14  2.31520824e-11
 -1.21473927e-10 -8.60895500e-16  6.83533856e-16  1.89923509e-05
 -1.36660483e-06 -6.75629048e-09  5.14115766e-10]0.10003579525994623
parent2 and its probability:  [ 0.00000000e+00 -1.08129239e-12 -7.98590398e-14  2.31607209e-11
 -1.21447412e-10 -8.60731830e-16  6.83563528e-16  1.89928032e-05
 -1.36646113e-06 -6.75745867e-09  5.14109485e-10]0.10024336340887524
parents after selection:
parent1 and its probability : [ 0.00000000e+00 -1.08129239e-12 -7.98590398e-14  2.31607209e-11
 -1.21447412e-10 -8.60731830e-16  6.83563528e-16  1.89928032e-05
 -1.36646113e-06 -6.75745867e-09  5.14109485e-10]0.10024336340887524
parent2 and its probability:  [ 0.00000000e+00 -1.08139847e-12 -7.98572074e-14  2.31607209e-11
 -1.21479329e-10 -8.60949186e-16  6.83425704e-16  1.89932404e-05
 -1.36660483e-06 -6.75701111e-09  5.14066939e-10]0.0997226462028479
population after corssover:
[ 0.00000000e+00 -1.08133675e-12 -7.98389777e-14  2.31520824e-11
 -1.21473927e-10 -8.60895500e-16  6.83533856e-16  1.90014277e-05
 -1.36686835e-06 -6.75772728e-09  5.14110691e-10]
[ 0.00000000e+00 -1.08131440e-12 -7.98572074e-14  2.31496068e-11
 -1.21492137e-10 -8.61016614e-16  6.83404456e-16  1.89940701e-05
 -1.36659581e-06 -6.75603360e-09  5.14112704e-10]
[ 0.00000000e+00 -1.08154676e-12 -7.98233261e-14  2.31562491e-11
 -1.21461416e-10 -8.61141288e-16  6.83330097e-16  1.89959803e-05
 -1.36660514e-06 -6.75921945e-09  5.14123887e-10]
[ 0.00000000e+00 -1.08154676e-12 -7.98233261e-14  2.31562491e-11
 -1.21461416e-10 -8.61141288e-16  6.83330097e-16  1.89959803e-05
 -1.36660514e-06 -6.75603360e-09  5.14112704e-10]
[ 0.00000000e+00 -1.08154676e-12 -7.98279457e-14  2.31593807e-11
 -1.21460741e-10 -8.61141288e-16  6.83293632e-16  1.89980567e-05
 -1.36646113e-06 -6.75745867e-09  5.14109485e-10]
[ 0.00000000e+00 -1.08129239e-12 -7.98590398e-14  2.31607209e-11
 -1.21447412e-10 -8.60731830e-16  6.83563528e-16  1.89928032e-05
 -1.36660483e-06 -6.75701111e-09  5.14066939e-10]
[ 0.00000000e+00 -1.08154676e-12 -7.98233261e-14  2.31562491e-11
 -1.21461416e-10 -8.61141288e-16  6.83330097e-16  1.89959803e-05
 -1.36646113e-06 -6.75745867e-09  5.14109485e-10]
[ 0.00000000e+00 -1.08154676e-12 -7.98233261e-14  2.31562491e-11
 -1.21461416e-10 -8.61141288e-16  6.83330097e-16  1.89959803e-05
 -1.36660514e-06 -6.75921945e-09  5.14123887e-10]
[ 0.00000000e+00 -1.08133675e-12 -7.98389777e-14  2.31520824e-11
 -1.21473927e-10 -8.60895500e-16  6.83533856e-16  1.89923509e-05
 -1.36646113e-06 -6.75745867e-09  5.14109485e-10]
[ 0.00000000e+00 -1.08139847e-12 -7.98572074e-14  2.31607209e-11
 -1.21479329e-10 -8.60949186e-16  6.83425704e-16  1.89932404e-05
 -1.36660483e-06 -6.75701111e-09  5.14066939e-10]

population after mutation:
[ 0.00000000e+00 -1.08133675e-12 -7.98408143e-14  2.31520824e-11
 -1.21473927e-10 -8.60895500e-16  6.83533856e-16  1.90014277e-05
 -1.36686835e-06 -6.75772728e-09  5.14110691e-10]
[ 0.00000000e+00 -1.08120107e-12 -7.98439584e-14  2.31499962e-11
 -1.21492137e-10 -8.61016614e-16  6.83404456e-16  1.89914601e-05
 -1.36659581e-06 -6.75603360e-09  5.14112704e-10]
[ 0.00000000e+00 -1.08154676e-12 -7.98233261e-14  2.31562491e-11
 -1.21471934e-10 -8.61141288e-16  6.83330097e-16  1.89959803e-05
 -1.36660514e-06 -6.75921945e-09  5.14123887e-10]
[ 0.00000000e+00 -1.08154676e-12 -7.98233261e-14  2.31574475e-11
 -1.21461416e-10 -8.61141288e-16  6.83330097e-16  1.89959803e-05
 -1.36660514e-06 -6.75603360e-09  5.14112704e-10]
[ 0.00000000e+00 -1.08170661e-12 -7.98371217e-14  2.31593807e-11
 -1.21460741e-10 -8.61141288e-16  6.83198576e-16  1.89980567e-05
 -1.36646113e-06 -6.75745867e-09  5.14109485e-10]
[ 0.00000000e+00 -1.08129239e-12 -7.98590398e-14  2.31607209e-11
 -1.21447412e-10 -8.60723215e-16  6.83563528e-16  1.89928032e-05
 -1.36660483e-06 -6.75701111e-09  5.14066939e-10]
[ 0.00000000e+00 -1.08154676e-12 -7.98277410e-14  2.31530037e-11
 -1.21461416e-10 -8.61141288e-16  6.83435084e-16  1.89959803e-05
 -1.36646113e-06 -6.75745867e-09  5.14023125e-10]
[ 0.00000000e+00 -1.08154676e-12 -7.98233261e-14  2.31562491e-11
 -1.21461416e-10 -8.61141288e-16  6.83416053e-16  1.89959803e-05
 -1.36668380e-06 -6.75795664e-09  5.14189182e-10]
[ 0.00000000e+00 -1.08133675e-12 -7.98389777e-14  2.31520824e-11
 -1.21491208e-10 -8.60748873e-16  6.83533856e-16  1.89923509e-05
 -1.36646113e-06 -6.75805909e-09  5.14109485e-10]
[ 0.00000000e+00 -1.08139847e-12 -7.98572074e-14  2.31579381e-11
 -1.21479329e-10 -8.60949186e-16  6.83555969e-16  1.89938732e-05
 -1.36660483e-06 -6.75701111e-09  5.14066939e-10]


 
 
 
generation 2

initial population:
[ 0.00000000e+00 -1.08131900e-12 -7.98355050e-14  2.31462941e-11
 -1.21463839e-10 -8.60992426e-16  6.83107995e-16  1.89923509e-05
 -1.36619968e-06 -6.75701111e-09  5.14138801e-10]
[ 0.00000000e+00 -1.08170661e-12 -7.98402638e-14  2.31548053e-11
 -1.21460741e-10 -8.61141288e-16  6.83288221e-16  1.89963657e-05
 -1.36646113e-06 -6.75658194e-09  5.14109485e-10]
[ 0.00000000e+00 -1.08129239e-12 -7.98590398e-14  2.31578225e-11
 -1.21459076e-10 -8.60594991e-16  6.83563528e-16  1.89928032e-05
 -1.36646113e-06 -6.75658790e-09  5.14122245e-10]
[ 0.00000000e+00 -1.08165459e-12 -7.98289484e-14  2.31517192e-11
 -1.21461416e-10 -8.61285795e-16  6.83416053e-16  1.89959803e-05
 -1.36692661e-06 -6.75795664e-09  5.14189182e-10]
[ 0.00000000e+00 -1.08133675e-12 -7.98389777e-14  2.31520824e-11
 -1.21491208e-10 -8.60748873e-16  6.83533856e-16  1.89923509e-05
 -1.36646113e-06 -6.75900918e-09  5.14109485e-10]
[ 0.00000000e+00 -1.08154676e-12 -7.98233261e-14  2.31574475e-11
 -1.21461416e-10 -8.61141288e-16  6.83330097e-16  1.89959803e-05
 -1.36660514e-06 -6.75603360e-09  5.14112704e-10]
[ 0.00000000e+00 -1.08131440e-12 -7.98572074e-14  2.31496068e-11
 -1.21492137e-10 -8.61016614e-16  6.83346914e-16  1.89940701e-05
 -1.36659581e-06 -6.75603360e-09  5.14112704e-10]
[ 0.00000000e+00 -1.08133675e-12 -7.98389777e-14  2.31520824e-11
 -1.21473927e-10 -8.60895500e-16  6.83558775e-16  1.89923509e-05
 -1.36660483e-06 -6.75705441e-09  5.14115766e-10]
[ 0.00000000e+00 -1.08181811e-12 -7.98626870e-14  2.31554651e-11
 -1.21442911e-10 -8.61141288e-16  6.83293632e-16  1.89981933e-05
 -1.36676484e-06 -6.75754003e-09  5.14153008e-10]
[ 0.00000000e+00 -1.08104209e-12 -7.98439584e-14  2.31499962e-11
 -1.21492137e-10 -8.61016614e-16  6.83404456e-16  1.89914601e-05
 -1.36659581e-06 -6.75603360e-09  5.14112704e-10]

parents after selection:
parent1 and its probability : [ 0.00000000e+00 -1.08181811e-12 -7.98626870e-14  2.31554651e-11
 -1.21442911e-10 -8.61141288e-16  6.83293632e-16  1.89981933e-05
 -1.36676484e-06 -6.75754003e-09  5.14153008e-10]0.0997720172987139
parent2 and its probability:  [ 0.00000000e+00 -1.08165459e-12 -7.98289484e-14  2.31517192e-11
 -1.21461416e-10 -8.61285795e-16  6.83416053e-16  1.89959803e-05
 -1.36692661e-06 -6.75795664e-09  5.14189182e-10]0.09948126857872844
parents after selection:
parent1 and its probability : [ 0.00000000e+00 -1.08165459e-12 -7.98289484e-14  2.31517192e-11
 -1.21461416e-10 -8.61285795e-16  6.83416053e-16  1.89959803e-05
 -1.36692661e-06 -6.75795664e-09  5.14189182e-10]0.09948126857872844
parent2 and its probability:  [ 0.00000000e+00 -1.08133675e-12 -7.98389777e-14  2.31520824e-11
 -1.21491208e-10 -8.60748873e-16  6.83533856e-16  1.89923509e-05
 -1.36646113e-06 -6.75900918e-09  5.14109485e-10]0.09992704930153189
parents after selection:
parent1 and its probability : [ 0.00000000e+00 -1.08154676e-12 -7.98233261e-14  2.31574475e-11
 -1.21461416e-10 -8.61141288e-16  6.83330097e-16  1.89959803e-05
 -1.36660514e-06 -6.75603360e-09  5.14112704e-10]0.09996151769246679
parent2 and its probability:  [ 0.00000000e+00 -1.08133675e-12 -7.98389777e-14  2.31520824e-11
 -1.21473927e-10 -8.60895500e-16  6.83558775e-16  1.89923509e-05
 -1.36660483e-06 -6.75705441e-09  5.14115766e-10]0.09981227898732134
parents after selection:
parent1 and its probability : [ 0.00000000e+00 -1.08129239e-12 -7.98590398e-14  2.31578225e-11
 -1.21459076e-10 -8.60594991e-16  6.83563528e-16  1.89928032e-05
 -1.36646113e-06 -6.75658790e-09  5.14122245e-10]0.10026994219765292
parent2 and its probability:  [ 0.00000000e+00 -1.08181811e-12 -7.98626870e-14  2.31554651e-11
 -1.21442911e-10 -8.61141288e-16  6.83293632e-16  1.89981933e-05
 -1.36676484e-06 -6.75754003e-09  5.14153008e-10]0.0997720172987139
parents after selection:
parent1 and its probability : [ 0.00000000e+00 -1.08133675e-12 -7.98389777e-14  2.31520824e-11
 -1.21491208e-10 -8.60748873e-16  6.83533856e-16  1.89923509e-05
 -1.36646113e-06 -6.75900918e-09  5.14109485e-10]0.09992704930153189
parent2 and its probability:  [ 0.00000000e+00 -1.08165459e-12 -7.98289484e-14  2.31517192e-11
 -1.21461416e-10 -8.61285795e-16  6.83416053e-16  1.89959803e-05
 -1.36692661e-06 -6.75795664e-09  5.14189182e-10]0.09948126857872844
parents after selection:
parent1 and its probability : [ 0.00000000e+00 -1.08133675e-12 -7.98389777e-14  2.31520824e-11
 -1.21491208e-10 -8.60748873e-16  6.83533856e-16  1.89923509e-05
 -1.36646113e-06 -6.75900918e-09  5.14109485e-10]0.09992704930153189
parent2 and its probability:  [ 0.00000000e+00 -1.08131440e-12 -7.98572074e-14  2.31496068e-11
 -1.21492137e-10 -8.61016614e-16  6.83346914e-16  1.89940701e-05
 -1.36659581e-06 -6.75603360e-09  5.14112704e-10]0.09994363310614637
parents after selection:
parent1 and its probability : [ 0.00000000e+00 -1.08129239e-12 -7.98590398e-14  2.31578225e-11
 -1.21459076e-10 -8.60594991e-16  6.83563528e-16  1.89928032e-05
 -1.36646113e-06 -6.75658790e-09  5.14122245e-10]0.10026994219765292
parent2 and its probability:  [ 0.00000000e+00 -1.08129239e-12 -7.98590398e-14  2.31578225e-11
 -1.21459076e-10 -8.60594991e-16  6.83563528e-16  1.89928032e-05
 -1.36646113e-06 -6.75658790e-09  5.14122245e-10]0.10026994219765292
parents after selection:
parent1 and its probability : [ 0.00000000e+00 -1.08129239e-12 -7.98590398e-14  2.31578225e-11
 -1.21459076e-10 -8.60594991e-16  6.83563528e-16  1.89928032e-05
 -1.36646113e-06 -6.75658790e-09  5.14122245e-10]0.10026994219765292
parent2 and its probability:  [ 0.00000000e+00 -1.08133675e-12 -7.98389777e-14  2.31520824e-11
 -1.21473927e-10 -8.60895500e-16  6.83558775e-16  1.89923509e-05
 -1.36660483e-06 -6.75705441e-09  5.14115766e-10]0.09981227898732134
parents after selection:
parent1 and its probability : [ 0.00000000e+00 -1.08104209e-12 -7.98439584e-14  2.31499962e-11
 -1.21492137e-10 -8.61016614e-16  6.83404456e-16  1.89914601e-05
 -1.36659581e-06 -6.75603360e-09  5.14112704e-10]0.09985732745736407
parent2 and its probability:  [ 0.00000000e+00 -1.08133675e-12 -7.98389777e-14  2.31520824e-11
 -1.21491208e-10 -8.60748873e-16  6.83533856e-16  1.89923509e-05
 -1.36646113e-06 -6.75900918e-09  5.14109485e-10]0.09992704930153189
parents after selection:
parent1 and its probability : [ 0.00000000e+00 -1.08133675e-12 -7.98389777e-14  2.31520824e-11
 -1.21491208e-10 -8.60748873e-16  6.83533856e-16  1.89923509e-05
 -1.36646113e-06 -6.75900918e-09  5.14109485e-10]0.09992704930153189
parent2 and its probability:  [ 0.00000000e+00 -1.08165459e-12 -7.98289484e-14  2.31517192e-11
 -1.21461416e-10 -8.61285795e-16  6.83416053e-16  1.89959803e-05
 -1.36692661e-06 -6.75795664e-09  5.14189182e-10]0.09948126857872844
population after corssover:
[ 0.00000000e+00 -1.08181811e-12 -7.98626870e-14  2.31554651e-11
 -1.21442911e-10 -8.61141288e-16  6.83293632e-16  1.89981933e-05
 -1.36676484e-06 -6.75795664e-09  5.14189182e-10]
[ 0.00000000e+00 -1.08165459e-12 -7.98289484e-14  2.31517192e-11
 -1.21461416e-10 -8.61285795e-16  6.83416053e-16  1.89959803e-05
 -1.36646113e-06 -6.75900918e-09  5.14109485e-10]
[ 0.00000000e+00 -1.08154676e-12 -7.98233261e-14  2.31574475e-11
 -1.21461416e-10 -8.61141288e-16  6.83330097e-16  1.89959803e-05
 -1.36660514e-06 -6.75705441e-09  5.14115766e-10]
[ 0.00000000e+00 -1.08181811e-12 -7.98626870e-14  2.31554651e-11
 -1.21442911e-10 -8.61141288e-16  6.83293632e-16  1.89981933e-05
 -1.36676484e-06 -6.75754003e-09  5.14153008e-10]
[ 0.00000000e+00 -1.08165459e-12 -7.98289484e-14  2.31517192e-11
 -1.21461416e-10 -8.61285795e-16  6.83416053e-16  1.89959803e-05
 -1.36692661e-06 -6.75795664e-09  5.14189182e-10]
[ 0.00000000e+00 -1.08133675e-12 -7.98572074e-14  2.31496068e-11
 -1.21492137e-10 -8.61016614e-16  6.83346914e-16  1.89940701e-05
 -1.36659581e-06 -6.75603360e-09  5.14112704e-10]
[ 0.00000000e+00 -1.08129239e-12 -7.98590398e-14  2.31578225e-11
 -1.21459076e-10 -8.60594991e-16  6.83563528e-16  1.89928032e-05
 -1.36646113e-06 -6.75658790e-09  5.14122245e-10]
[ 0.00000000e+00 -1.08129239e-12 -7.98590398e-14  2.31578225e-11
 -1.21459076e-10 -8.60594991e-16  6.83563528e-16  1.89928032e-05
 -1.36660483e-06 -6.75705441e-09  5.14115766e-10]
[ 0.00000000e+00 -1.08104209e-12 -7.98439584e-14  2.31499962e-11
 -1.21492137e-10 -8.61016614e-16  6.83404456e-16  1.89914601e-05
 -1.36659581e-06 -6.75900918e-09  5.14109485e-10]
[ 0.00000000e+00 -1.08133675e-12 -7.98289484e-14  2.31517192e-11
 -1.21461416e-10 -8.61285795e-16  6.83416053e-16  1.89959803e-05
 -1.36692661e-06 -6.75795664e-09  5.14189182e-10]

population after mutation:
[ 0.00000000e+00 -1.08181811e-12 -7.98626870e-14  2.31554651e-11
 -1.21442911e-10 -8.61141288e-16  6.83293632e-16  1.89981933e-05
 -1.36676484e-06 -6.75795664e-09  5.14189182e-10]
[ 0.00000000e+00 -1.08146826e-12 -7.98289484e-14  2.31517192e-11
 -1.21461416e-10 -8.61144798e-16  6.83520962e-16  1.89922683e-05
 -1.36646113e-06 -6.75900918e-09  5.14109485e-10]
[ 0.00000000e+00 -1.08154676e-12 -7.98388122e-14  2.31574475e-11
 -1.21461416e-10 -8.61141288e-16  6.83330097e-16  1.89959803e-05
 -1.36660514e-06 -6.75705441e-09  5.14125063e-10]
[ 0.00000000e+00 -1.08181811e-12 -7.98626870e-14  2.31554651e-11
 -1.21456730e-10 -8.61141288e-16  6.83293632e-16  1.89981933e-05
 -1.36676484e-06 -6.75854958e-09  5.14153008e-10]
[ 0.00000000e+00 -1.08165459e-12 -7.98289484e-14  2.31551555e-11
 -1.21461416e-10 -8.61285795e-16  6.83416053e-16  1.89944803e-05
 -1.36692661e-06 -6.75795664e-09  5.14189182e-10]
[ 0.00000000e+00 -1.08133675e-12 -7.98572074e-14  2.31496068e-11
 -1.21492137e-10 -8.61016614e-16  6.83305636e-16  1.89903252e-05
 -1.36659581e-06 -6.75603360e-09  5.14112704e-10]
[ 0.00000000e+00 -1.08129239e-12 -7.98541505e-14  2.31566436e-11
 -1.21462210e-10 -8.60594991e-16  6.83563528e-16  1.89945832e-05
 -1.36646113e-06 -6.75658790e-09  5.14122245e-10]
[ 0.00000000e+00 -1.08129239e-12 -7.98590398e-14  2.31578225e-11
 -1.21470451e-10 -8.60594991e-16  6.83563940e-16  1.89907539e-05
 -1.36658125e-06 -6.75705441e-09  5.14187017e-10]
[ 0.00000000e+00 -1.08104209e-12 -7.98439584e-14  2.31530667e-11
 -1.21513585e-10 -8.61016614e-16  6.83404456e-16  1.89878550e-05
 -1.36659581e-06 -6.75900918e-09  5.14109485e-10]
[ 0.00000000e+00 -1.08133675e-12 -7.98289484e-14  2.31517192e-11
 -1.21461416e-10 -8.61285795e-16  6.83416053e-16  1.89929432e-05
 -1.36692661e-06 -6.75795664e-09  5.14189182e-10]

