
 
 
 
generation 2

initial population:
[ 0.00000000e+00 -1.03180175e-12 -1.22498953e-13  3.50814594e-11
 -1.52456209e-10 -9.40191203e-16  4.15336692e-16  8.30753663e-06
 -1.21461876e-06 -1.14201806e-08  4.13779296e-10]
[ 0.00000000e+00 -4.77576829e-13 -6.94143962e-14  4.04646759e-11
 -9.92559944e-11 -1.54450615e-15  5.47761682e-16  2.01028836e-05
 -1.50570766e-06 -8.56308600e-09  4.45718239e-10]
[ 0.00000000e+00 -8.53685370e-13 -2.02824171e-13  1.94707205e-11
 -5.89779289e-11 -1.58086987e-15  5.01399522e-16  1.95312528e-05
 -1.63486253e-06 -4.81536395e-09  5.03214906e-10]
[ 0.00000000e+00 -1.29025518e-12 -1.35420446e-13  2.74834234e-11
 -1.38241364e-10 -8.94651725e-16  6.61827061e-16  1.63782462e-05
 -9.49574521e-07 -7.38795246e-09  6.25546356e-10]
[ 0.00000000e+00 -5.83412369e-13 -1.49225305e-13  2.29926119e-11
 -1.45251534e-10 -1.16395586e-15  4.18230837e-16  1.07246106e-05
 -9.39486917e-07 -8.56524284e-09  6.87903329e-10]
[ 0.00000000e+00 -8.00491976e-13 -1.27541224e-13  1.83310837e-11
 -1.20450412e-10 -1.59847429e-15  3.15308433e-16  1.65341428e-05
 -1.56274525e-06 -1.23929114e-08  7.12206833e-10]
[ 0.00000000e+00 -9.90158446e-13 -1.67622671e-13  3.08831365e-11
 -7.37248248e-11 -1.56481830e-15  6.93677687e-16  1.26298423e-05
 -8.44821025e-07 -9.94086156e-09  7.30188586e-10]
[ 0.00000000e+00 -7.59695393e-13 -1.48202733e-13  2.91302565e-11
 -1.54998278e-10 -9.13114098e-16  5.72329966e-16  1.42554032e-05
 -1.22364004e-06 -5.82603126e-09  6.88130788e-10]
[ 0.00000000e+00 -9.56264241e-13 -1.04079431e-13  3.46982656e-11
 -7.85124037e-11 -6.14613514e-16  7.47176393e-16  8.55004623e-06
 -1.23403529e-06 -1.11797565e-08  6.81697635e-10]
[ 0.00000000e+00 -7.75888822e-13 -1.54234273e-13  1.52960993e-11
 -1.13201673e-10 -1.53123432e-15  5.86259037e-16  9.27153874e-06
 -6.28768828e-07 -1.23865863e-08  5.16080211e-10]

parents after selection:
parent1 and its probability : [ 0.00000000e+00 -5.83412369e-13 -1.49225305e-13  2.29926119e-11
 -1.45251534e-10 -1.16395586e-15  4.18230837e-16  1.07246106e-05
 -9.39486917e-07 -8.56524284e-09  6.87903329e-10]0.013828253738306024
parent2 and its probability:  [ 0.00000000e+00 -8.00491976e-13 -1.27541224e-13  1.83310837e-11
 -1.20450412e-10 -1.59847429e-15  3.15308433e-16  1.65341428e-05
 -1.56274525e-06 -1.23929114e-08  7.12206833e-10]0.35874361276268885
parents after selection:
parent1 and its probability : [ 0.00000000e+00 -8.00491976e-13 -1.27541224e-13  1.83310837e-11
 -1.20450412e-10 -1.59847429e-15  3.15308433e-16  1.65341428e-05
 -1.56274525e-06 -1.23929114e-08  7.12206833e-10]0.35874361276268885
parent2 and its probability:  [ 0.00000000e+00 -8.00491976e-13 -1.27541224e-13  1.83310837e-11
 -1.20450412e-10 -1.59847429e-15  3.15308433e-16  1.65341428e-05
 -1.56274525e-06 -1.23929114e-08  7.12206833e-10]0.35874361276268885
parents after selection:
parent1 and its probability : [ 0.00000000e+00 -8.53685370e-13 -2.02824171e-13  1.94707205e-11
 -5.89779289e-11 -1.58086987e-15  5.01399522e-16  1.95312528e-05
 -1.63486253e-06 -4.81536395e-09  5.03214906e-10]0.07280806777694132
parent2 and its probability:  [ 0.00000000e+00 -8.00491976e-13 -1.27541224e-13  1.83310837e-11
 -1.20450412e-10 -1.59847429e-15  3.15308433e-16  1.65341428e-05
 -1.56274525e-06 -1.23929114e-08  7.12206833e-10]0.35874361276268885
parents after selection:
parent1 and its probability : [ 0.00000000e+00 -9.56264241e-13 -1.04079431e-13  3.46982656e-11
 -7.85124037e-11 -6.14613514e-16  7.47176393e-16  8.55004623e-06
 -1.23403529e-06 -1.11797565e-08  6.81697635e-10]0.404493874906041
parent2 and its probability:  [ 0.00000000e+00 -8.00491976e-13 -1.27541224e-13  1.83310837e-11
 -1.20450412e-10 -1.59847429e-15  3.15308433e-16  1.65341428e-05
 -1.56274525e-06 -1.23929114e-08  7.12206833e-10]0.35874361276268885
parents after selection:
parent1 and its probability : [ 0.00000000e+00 -8.53685370e-13 -2.02824171e-13  1.94707205e-11
 -5.89779289e-11 -1.58086987e-15  5.01399522e-16  1.95312528e-05
 -1.63486253e-06 -4.81536395e-09  5.03214906e-10]0.07280806777694132
parent2 and its probability:  [ 0.00000000e+00 -9.56264241e-13 -1.04079431e-13  3.46982656e-11
 -7.85124037e-11 -6.14613514e-16  7.47176393e-16  8.55004623e-06
 -1.23403529e-06 -1.11797565e-08  6.81697635e-10]0.404493874906041
parents after selection:
parent1 and its probability : [ 0.00000000e+00 -8.00491976e-13 -1.27541224e-13  1.83310837e-11
 -1.20450412e-10 -1.59847429e-15  3.15308433e-16  1.65341428e-05
 -1.56274525e-06 -1.23929114e-08  7.12206833e-10]0.35874361276268885
parent2 and its probability:  [ 0.00000000e+00 -8.00491976e-13 -1.27541224e-13  1.83310837e-11
 -1.20450412e-10 -1.59847429e-15  3.15308433e-16  1.65341428e-05
 -1.56274525e-06 -1.23929114e-08  7.12206833e-10]0.35874361276268885
parents after selection:
parent1 and its probability : [ 0.00000000e+00 -9.56264241e-13 -1.04079431e-13  3.46982656e-11
 -7.85124037e-11 -6.14613514e-16  7.47176393e-16  8.55004623e-06
 -1.23403529e-06 -1.11797565e-08  6.81697635e-10]0.404493874906041
parent2 and its probability:  [ 0.00000000e+00 -8.53685370e-13 -2.02824171e-13  1.94707205e-11
 -5.89779289e-11 -1.58086987e-15  5.01399522e-16  1.95312528e-05
 -1.63486253e-06 -4.81536395e-09  5.03214906e-10]0.07280806777694132
parents after selection:
parent1 and its probability : [ 0.00000000e+00 -8.00491976e-13 -1.27541224e-13  1.83310837e-11
 -1.20450412e-10 -1.59847429e-15  3.15308433e-16  1.65341428e-05
 -1.56274525e-06 -1.23929114e-08  7.12206833e-10]0.35874361276268885
parent2 and its probability:  [ 0.00000000e+00 -5.83412369e-13 -1.49225305e-13  2.29926119e-11
 -1.45251534e-10 -1.16395586e-15  4.18230837e-16  1.07246106e-05
 -9.39486917e-07 -8.56524284e-09  6.87903329e-10]0.013828253738306024
parents after selection:
parent1 and its probability : [ 0.00000000e+00 -7.75888822e-13 -1.54234273e-13  1.52960993e-11
 -1.13201673e-10 -1.53123432e-15  5.86259037e-16  9.27153874e-06
 -6.28768828e-07 -1.23865863e-08  5.16080211e-10]0.07195257978041017
parent2 and its probability:  [ 0.00000000e+00 -9.56264241e-13 -1.04079431e-13  3.46982656e-11
 -7.85124037e-11 -6.14613514e-16  7.47176393e-16  8.55004623e-06
 -1.23403529e-06 -1.11797565e-08  6.81697635e-10]0.404493874906041
parents after selection:
parent1 and its probability : [ 0.00000000e+00 -8.00491976e-13 -1.27541224e-13  1.83310837e-11
 -1.20450412e-10 -1.59847429e-15  3.15308433e-16  1.65341428e-05
 -1.56274525e-06 -1.23929114e-08  7.12206833e-10]0.35874361276268885
parent2 and its probability:  [ 0.00000000e+00 -9.56264241e-13 -1.04079431e-13  3.46982656e-11
 -7.85124037e-11 -6.14613514e-16  7.47176393e-16  8.55004623e-06
 -1.23403529e-06 -1.11797565e-08  6.81697635e-10]0.404493874906041
population after corssover:
[ 0.00000000e+00 -5.83412369e-13 -1.49225305e-13  2.29926119e-11
 -1.45251534e-10 -1.16395586e-15  3.15308433e-16  1.65341428e-05
 -1.56274525e-06 -1.23929114e-08  7.12206833e-10]
[ 0.00000000e+00 -8.00491976e-13 -1.27541224e-13  1.83310837e-11
 -1.20450412e-10 -1.59847429e-15  3.15308433e-16  1.65341428e-05
 -1.56274525e-06 -1.23929114e-08  7.12206833e-10]
[ 0.00000000e+00 -8.53685370e-13 -2.02824171e-13  1.83310837e-11
 -1.20450412e-10 -1.59847429e-15  3.15308433e-16  1.65341428e-05
 -1.56274525e-06 -1.23929114e-08  7.12206833e-10]
[ 0.00000000e+00 -9.56264241e-13 -1.04079431e-13  3.46982656e-11
 -7.85124037e-11 -1.59847429e-15  3.15308433e-16  1.65341428e-05
 -1.56274525e-06 -1.23929114e-08  7.12206833e-10]
[ 0.00000000e+00 -8.53685370e-13 -2.02824171e-13  1.94707205e-11
 -5.89779289e-11 -1.58086987e-15  7.47176393e-16  8.55004623e-06
 -1.23403529e-06 -1.11797565e-08  6.81697635e-10]
[ 0.00000000e+00 -8.00491976e-13 -1.27541224e-13  1.83310837e-11
 -1.20450412e-10 -1.59847429e-15  3.15308433e-16  1.65341428e-05
 -1.56274525e-06 -1.23929114e-08  7.12206833e-10]
[ 0.00000000e+00 -9.56264241e-13 -1.04079431e-13  3.46982656e-11
 -7.85124037e-11 -6.14613514e-16  7.47176393e-16  1.95312528e-05
 -1.63486253e-06 -4.81536395e-09  5.03214906e-10]
[ 0.00000000e+00 -8.00491976e-13 -1.49225305e-13  2.29926119e-11
 -1.45251534e-10 -1.16395586e-15  4.18230837e-16  1.07246106e-05
 -9.39486917e-07 -8.56524284e-09  6.87903329e-10]
[ 0.00000000e+00 -7.75888822e-13 -1.54234273e-13  3.46982656e-11
 -7.85124037e-11 -6.14613514e-16  7.47176393e-16  8.55004623e-06
 -1.23403529e-06 -1.11797565e-08  6.81697635e-10]
[ 0.00000000e+00 -8.00491976e-13 -1.04079431e-13  3.46982656e-11
 -7.85124037e-11 -6.14613514e-16  7.47176393e-16  8.55004623e-06
 -1.23403529e-06 -1.11797565e-08  6.81697635e-10]

population after mutation:
[ 0.00000000e+00 -5.83412369e-13 -1.49225305e-13  2.29926119e-11
 -1.45251534e-10 -1.16395586e-15  3.15308433e-16  1.65341428e-05
 -1.56274525e-06 -1.23950713e-08  7.12206833e-10]
[ 0.00000000e+00 -8.00491976e-13 -1.27541224e-13  1.83310837e-11
 -1.20450412e-10 -1.59847429e-15  3.15308433e-16  1.65373883e-05
 -1.56274525e-06 -1.23929114e-08  7.12206833e-10]
[ 0.00000000e+00 -8.53685370e-13 -2.02824171e-13  1.83294828e-11
 -1.20450412e-10 -1.59847429e-15  3.15323260e-16  1.65341428e-05
 -1.56271867e-06 -1.23941626e-08  7.12206833e-10]
[ 0.00000000e+00 -9.56264241e-13 -1.04079431e-13  3.46982656e-11
 -7.85124037e-11 -1.59874975e-15  3.15278522e-16  1.65341428e-05
 -1.56274525e-06 -1.23929114e-08  7.12206833e-10]
[ 0.00000000e+00 -8.53685370e-13 -2.02863535e-13  1.94707205e-11
 -5.89779289e-11 -1.58071185e-15  7.47176393e-16  8.55004623e-06
 -1.23403529e-06 -1.11786981e-08  6.81629124e-10]
[ 0.00000000e+00 -8.00491976e-13 -1.27541224e-13  1.83310837e-11
 -1.20450412e-10 -1.59847429e-15  3.15308433e-16  1.65322338e-05
 -1.56274525e-06 -1.23929114e-08  7.12203302e-10]
[ 0.00000000e+00 -9.56261550e-13 -1.04079431e-13  3.46982656e-11
 -7.85101542e-11 -6.14613514e-16  7.47176393e-16  1.95312528e-05
 -1.63454699e-06 -4.81536395e-09  5.03214906e-10]
[ 0.00000000e+00 -8.00491976e-13 -1.49248269e-13  2.29926119e-11
 -1.45251534e-10 -1.16395586e-15  4.18230837e-16  1.07246106e-05
 -9.39486917e-07 -8.56524284e-09  6.87903329e-10]
[ 0.00000000e+00 -7.75932475e-13 -1.54234273e-13  3.46982656e-11
 -7.85020018e-11 -6.14502194e-16  7.47176393e-16  8.55004623e-06
 -1.23403529e-06 -1.11797565e-08  6.81779430e-10]
[ 0.00000000e+00 -8.00629185e-13 -1.04079431e-13  3.46982656e-11
 -7.85124037e-11 -6.14613514e-16  7.47176393e-16  8.55004623e-06
 -1.23403529e-06 -1.11797565e-08  6.81697635e-10]


 
 
 
generation 2

initial population:
[ 0.00000000e+00 -8.53685370e-13 -2.02863535e-13  1.94688776e-11
 -5.89779289e-11 -1.58071185e-15  7.47176393e-16  8.55004623e-06
 -1.23385320e-06 -1.11779310e-08  6.81629124e-10]
[ 0.00000000e+00 -5.83398450e-13 -1.49225305e-13  2.29926119e-11
 -1.45251534e-10 -1.16407322e-15  3.15308433e-16  1.65341428e-05
 -1.56274525e-06 -1.23950713e-08  7.12206833e-10]
[ 0.00000000e+00 -9.56264241e-13 -1.04079431e-13  3.46982656e-11
 -7.85124037e-11 -6.14613514e-16  7.47176393e-16  8.54993379e-06
 -1.23403529e-06 -1.11797565e-08  6.81697635e-10]
[ 0.00000000e+00 -8.00739332e-13 -1.04079431e-13  3.46982656e-11
 -7.85124037e-11 -6.14613514e-16  7.47176393e-16  8.55004623e-06
 -1.23403529e-06 -1.11778133e-08  6.81697635e-10]
[ 0.00000000e+00 -7.75932475e-13 -1.54246056e-13  3.46982656e-11
 -7.85020018e-11 -6.14502194e-16  7.47176393e-16  8.55004623e-06
 -1.23403529e-06 -1.11797565e-08  6.81779430e-10]
[ 0.00000000e+00 -8.00491976e-13 -1.27561960e-13  1.83310837e-11
 -1.20430894e-10 -1.59847429e-15  3.15347553e-16  1.65373883e-05
 -1.56274525e-06 -1.23929114e-08  7.12085974e-10]
[ 0.00000000e+00 -8.00638900e-13 -1.27541224e-13  1.83310837e-11
 -1.20456983e-10 -1.59847429e-15  3.15308433e-16  1.65333758e-05
 -1.56274525e-06 -1.23929114e-08  7.12132903e-10]
[ 0.00000000e+00 -9.56264241e-13 -1.04079431e-13  3.46982656e-11
 -7.85124037e-11 -1.59874975e-15  3.15278522e-16  1.65341428e-05
 -1.56274525e-06 -1.23929114e-08  7.12274038e-10]
[ 0.00000000e+00 -8.53780830e-13 -2.02824171e-13  1.83320496e-11
 -1.20450412e-10 -1.59847429e-15  3.15323260e-16  1.65341428e-05
 -1.56271867e-06 -1.23919053e-08  7.12310987e-10]
[ 0.00000000e+00 -8.00491976e-13 -1.27541224e-13  1.83310837e-11
 -1.20450412e-10 -1.59847429e-15  3.15308433e-16  1.65322338e-05
 -1.56274525e-06 -1.23929114e-08  7.12203302e-10]

parents after selection:
parent1 and its probability : [ 0.00000000e+00 -8.00491976e-13 -1.27541224e-13  1.83310837e-11
 -1.20450412e-10 -1.59847429e-15  3.15308433e-16  1.65322338e-05
 -1.56274525e-06 -1.23929114e-08  7.12203302e-10]0.07986425650255259
parent2 and its probability:  [ 0.00000000e+00 -8.00491976e-13 -1.27561960e-13  1.83310837e-11
 -1.20430894e-10 -1.59847429e-15  3.15347553e-16  1.65373883e-05
 -1.56274525e-06 -1.23929114e-08  7.12085974e-10]0.0796294664791365
parents after selection:
parent1 and its probability : [ 0.00000000e+00 -7.75932475e-13 -1.54246056e-13  3.46982656e-11
 -7.85020018e-11 -6.14502194e-16  7.47176393e-16  8.55004623e-06
 -1.23403529e-06 -1.11797565e-08  6.81779430e-10]0.08980670917743044
parent2 and its probability:  [ 0.00000000e+00 -8.53685370e-13 -2.02863535e-13  1.94688776e-11
 -5.89779289e-11 -1.58071185e-15  7.47176393e-16  8.55004623e-06
 -1.23385320e-06 -1.11779310e-08  6.81629124e-10]0.20778483157268615
parents after selection:
parent1 and its probability : [ 0.00000000e+00 -7.75932475e-13 -1.54246056e-13  3.46982656e-11
 -7.85020018e-11 -6.14502194e-16  7.47176393e-16  8.55004623e-06
 -1.23403529e-06 -1.11797565e-08  6.81779430e-10]0.08980670917743044
parent2 and its probability:  [ 0.00000000e+00 -7.75932475e-13 -1.54246056e-13  3.46982656e-11
 -7.85020018e-11 -6.14502194e-16  7.47176393e-16  8.55004623e-06
 -1.23403529e-06 -1.11797565e-08  6.81779430e-10]0.08980670917743044
parents after selection:
parent1 and its probability : [ 0.00000000e+00 -8.53685370e-13 -2.02863535e-13  1.94688776e-11
 -5.89779289e-11 -1.58071185e-15  7.47176393e-16  8.55004623e-06
 -1.23385320e-06 -1.11779310e-08  6.81629124e-10]0.20778483157268615
parent2 and its probability:  [ 0.00000000e+00 -8.00491976e-13 -1.27541224e-13  1.83310837e-11
 -1.20450412e-10 -1.59847429e-15  3.15308433e-16  1.65322338e-05
 -1.56274525e-06 -1.23929114e-08  7.12203302e-10]0.07986425650255259
parents after selection:
parent1 and its probability : [ 0.00000000e+00 -5.83398450e-13 -1.49225305e-13  2.29926119e-11
 -1.45251534e-10 -1.16407322e-15  3.15308433e-16  1.65341428e-05
 -1.56274525e-06 -1.23950713e-08  7.12206833e-10]0.12261834307620077
parent2 and its probability:  [ 0.00000000e+00 -8.00638900e-13 -1.27541224e-13  1.83310837e-11
 -1.20456983e-10 -1.59847429e-15  3.15308433e-16  1.65333758e-05
 -1.56274525e-06 -1.23929114e-08  7.12132903e-10]0.07966556728191869
parents after selection:
parent1 and its probability : [ 0.00000000e+00 -5.83398450e-13 -1.49225305e-13  2.29926119e-11
 -1.45251534e-10 -1.16407322e-15  3.15308433e-16  1.65341428e-05
 -1.56274525e-06 -1.23950713e-08  7.12206833e-10]0.12261834307620077
parent2 and its probability:  [ 0.00000000e+00 -8.00638900e-13 -1.27541224e-13  1.83310837e-11
 -1.20456983e-10 -1.59847429e-15  3.15308433e-16  1.65333758e-05
 -1.56274525e-06 -1.23929114e-08  7.12132903e-10]0.07966556728191869
parents after selection:
parent1 and its probability : [ 0.00000000e+00 -9.56264241e-13 -1.04079431e-13  3.46982656e-11
 -7.85124037e-11 -6.14613514e-16  7.47176393e-16  8.54993379e-06
 -1.23403529e-06 -1.11797565e-08  6.81697635e-10]0.09012994570104373
parent2 and its probability:  [ 0.00000000e+00 -8.00638900e-13 -1.27541224e-13  1.83310837e-11
 -1.20456983e-10 -1.59847429e-15  3.15308433e-16  1.65333758e-05
 -1.56274525e-06 -1.23929114e-08  7.12132903e-10]0.07966556728191869
parents after selection:
parent1 and its probability : [ 0.00000000e+00 -5.83398450e-13 -1.49225305e-13  2.29926119e-11
 -1.45251534e-10 -1.16407322e-15  3.15308433e-16  1.65341428e-05
 -1.56274525e-06 -1.23950713e-08  7.12206833e-10]0.12261834307620077
parent2 and its probability:  [ 0.00000000e+00 -8.53685370e-13 -2.02863535e-13  1.94688776e-11
 -5.89779289e-11 -1.58071185e-15  7.47176393e-16  8.55004623e-06
 -1.23385320e-06 -1.11779310e-08  6.81629124e-10]0.20778483157268615
parents after selection:
parent1 and its probability : [ 0.00000000e+00 -8.00491976e-13 -1.27561960e-13  1.83310837e-11
 -1.20430894e-10 -1.59847429e-15  3.15347553e-16  1.65373883e-05
 -1.56274525e-06 -1.23929114e-08  7.12085974e-10]0.0796294664791365
parent2 and its probability:  [ 0.00000000e+00 -8.53685370e-13 -2.02863535e-13  1.94688776e-11
 -5.89779289e-11 -1.58071185e-15  7.47176393e-16  8.55004623e-06
 -1.23385320e-06 -1.11779310e-08  6.81629124e-10]0.20778483157268615
parents after selection:
parent1 and its probability : [ 0.00000000e+00 -8.53780830e-13 -2.02824171e-13  1.83320496e-11
 -1.20450412e-10 -1.59847429e-15  3.15323260e-16  1.65341428e-05
 -1.56271867e-06 -1.23919053e-08  7.12310987e-10]0.08038650029323935
parent2 and its probability:  [ 0.00000000e+00 -7.75932475e-13 -1.54246056e-13  3.46982656e-11
 -7.85020018e-11 -6.14502194e-16  7.47176393e-16  8.55004623e-06
 -1.23403529e-06 -1.11797565e-08  6.81779430e-10]0.08980670917743044
population after corssover:
[ 0.00000000e+00 -8.00491976e-13 -1.27541224e-13  1.83310837e-11
 -1.20450412e-10 -1.59847429e-15  3.15308433e-16  1.65322338e-05
 -1.56274525e-06 -1.23929114e-08  7.12085974e-10]
[ 0.00000000e+00 -7.75932475e-13 -1.54246056e-13  3.46982656e-11
 -5.89779289e-11 -1.58071185e-15  7.47176393e-16  8.55004623e-06
 -1.23385320e-06 -1.11779310e-08  6.81629124e-10]
[ 0.00000000e+00 -7.75932475e-13 -1.54246056e-13  3.46982656e-11
 -7.85020018e-11 -6.14502194e-16  7.47176393e-16  8.55004623e-06
 -1.23403529e-06 -1.11797565e-08  6.81779430e-10]
[ 0.00000000e+00 -8.53685370e-13 -2.02863535e-13  1.94688776e-11
 -5.89779289e-11 -1.58071185e-15  3.15308433e-16  1.65322338e-05
 -1.56274525e-06 -1.23929114e-08  7.12203302e-10]
[ 0.00000000e+00 -5.83398450e-13 -1.49225305e-13  1.83310837e-11
 -1.20456983e-10 -1.59847429e-15  3.15308433e-16  1.65333758e-05
 -1.56274525e-06 -1.23929114e-08  7.12132903e-10]
[ 0.00000000e+00 -5.83398450e-13 -1.49225305e-13  2.29926119e-11
 -1.45251534e-10 -1.59847429e-15  3.15308433e-16  1.65333758e-05
 -1.56274525e-06 -1.23929114e-08  7.12132903e-10]
[ 0.00000000e+00 -9.56264241e-13 -1.04079431e-13  3.46982656e-11
 -7.85124037e-11 -1.59847429e-15  3.15308433e-16  1.65333758e-05
 -1.56274525e-06 -1.23929114e-08  7.12132903e-10]
[ 0.00000000e+00 -5.83398450e-13 -1.49225305e-13  2.29926119e-11
 -1.45251534e-10 -1.16407322e-15  3.15308433e-16  1.65341428e-05
 -1.56274525e-06 -1.23950713e-08  6.81629124e-10]
[ 0.00000000e+00 -8.00491976e-13 -2.02863535e-13  1.94688776e-11
 -5.89779289e-11 -1.58071185e-15  7.47176393e-16  8.55004623e-06
 -1.23385320e-06 -1.11779310e-08  6.81629124e-10]
[ 0.00000000e+00 -7.75932475e-13 -1.54246056e-13  3.46982656e-11
 -7.85020018e-11 -6.14502194e-16  7.47176393e-16  8.55004623e-06
 -1.23403529e-06 -1.11797565e-08  6.81779430e-10]

population after mutation:
[ 0.00000000e+00 -8.00491976e-13 -1.27555106e-13  1.83310837e-11
 -1.20450412e-10 -1.59848008e-15  3.15308433e-16  1.65322338e-05
 -1.56302862e-06 -1.23929114e-08  7.11983110e-10]
[ 0.00000000e+00 -7.75932475e-13 -1.54246056e-13  3.46982656e-11
 -5.89779289e-11 -1.58071185e-15  7.47061340e-16  8.55004623e-06
 -1.23385320e-06 -1.11790890e-08  6.81629124e-10]
[ 0.00000000e+00 -7.75932475e-13 -1.54244950e-13  3.46982656e-11
 -7.84877110e-11 -6.14502194e-16  7.47176393e-16  8.55004623e-06
 -1.23426345e-06 -1.11797565e-08  6.81779430e-10]
[ 0.00000000e+00 -8.53685370e-13 -2.02863535e-13  1.94688776e-11
 -5.89779289e-11 -1.58065536e-15  3.15308433e-16  1.65322338e-05
 -1.56274525e-06 -1.23929114e-08  7.12187345e-10]
[ 0.00000000e+00 -5.83398450e-13 -1.49225305e-13  1.83310837e-11
 -1.20449979e-10 -1.59847429e-15  3.15308433e-16  1.65348776e-05
 -1.56274525e-06 -1.23929114e-08  7.12079655e-10]
[ 0.00000000e+00 -5.83398450e-13 -1.49225305e-13  2.29926119e-11
 -1.45264658e-10 -1.59847429e-15  3.15308433e-16  1.65333758e-05
 -1.56274525e-06 -1.23944118e-08  7.12132903e-10]
[ 0.00000000e+00 -9.56264241e-13 -1.04079431e-13  3.46982656e-11
 -7.85124037e-11 -1.59847429e-15  3.15308433e-16  1.65333758e-05
 -1.56274525e-06 -1.23929114e-08  7.12132903e-10]
[ 0.00000000e+00 -5.83433462e-13 -1.49225305e-13  2.29926119e-11
 -1.45251534e-10 -1.16407322e-15  3.15331219e-16  1.65341428e-05
 -1.56274525e-06 -1.23950713e-08  6.81629124e-10]
[ 0.00000000e+00 -8.00491976e-13 -2.02863535e-13  1.94688776e-11
 -5.89779289e-11 -1.58071185e-15  7.47166473e-16  8.55004623e-06
 -1.23385320e-06 -1.11779310e-08  6.81629124e-10]
[ 0.00000000e+00 -7.75858348e-13 -1.54246056e-13  3.46982656e-11
 -7.85020018e-11 -6.14502194e-16  7.47176393e-16  8.55004623e-06
 -1.23403529e-06 -1.11797565e-08  6.81779430e-10]


 
 
 
generation 2

initial population:
[ 0.00000000e+00 -1.45799022e-12 -2.28980078e-13  4.62094054e-11
 -1.75214813e-10 -1.83669770e-15  8.52944060e-16  2.29423303e-05
 -2.04721003e-06 -1.59792834e-08  9.98214034e-10]
[ 0.00000000e+00 -1.45799022e-12 -2.28980078e-13  4.62057758e-11
 -1.75214813e-10 -1.83669770e-15  8.53110273e-16  2.29423303e-05
 -2.04721003e-06 -1.59792834e-08  9.98214034e-10]
[ 0.00000000e+00 -1.45799022e-12 -2.28980078e-13  4.62010753e-11
 -1.75214813e-10 -1.83700713e-15  8.52944060e-16  2.29423303e-05
 -2.04721003e-06 -1.59792834e-08  9.98214034e-10]
[ 0.00000000e+00 -1.45799022e-12 -2.28954496e-13  4.62010753e-11
 -1.75214813e-10 -1.83680993e-15  8.53056683e-16  2.29423303e-05
 -2.04690930e-06 -1.59792834e-08  9.98214034e-10]
[ 0.00000000e+00 -1.45799022e-12 -2.28980078e-13  4.62010753e-11
 -1.75184043e-10 -1.83669770e-15  8.52919387e-16  2.29423303e-05
 -2.04721003e-06 -1.59792834e-08  9.98214034e-10]
[ 0.00000000e+00 -1.45799022e-12 -2.28980078e-13  4.62010753e-11
 -1.75237194e-10 -1.83681758e-15  8.52944060e-16  2.29442519e-05
 -2.04721003e-06 -1.59822693e-08  9.98214034e-10]
[ 0.00000000e+00 -1.45827246e-12 -2.29005001e-13  4.62010753e-11
 -1.75214813e-10 -1.83669770e-15  8.52839624e-16  2.29423303e-05
 -2.04721003e-06 -1.59768882e-08  9.98214034e-10]
[ 0.00000000e+00 -1.45799022e-12 -2.28980078e-13  4.62097723e-11
 -1.75214813e-10 -1.83669770e-15  8.53089301e-16  2.29423303e-05
 -2.04721003e-06 -1.59792834e-08  9.98214034e-10]
[ 0.00000000e+00 -1.45799022e-12 -2.28980078e-13  4.62010753e-11
 -1.75214813e-10 -1.83669770e-15  8.52944060e-16  2.29423303e-05
 -2.04721003e-06 -1.59792834e-08  9.98214034e-10]
[ 0.00000000e+00 -1.45799022e-12 -2.28980078e-13  4.62010753e-11
 -1.75214813e-10 -1.83669770e-15  8.52944060e-16  2.29423303e-05
 -2.04721003e-06 -1.59792834e-08  9.98214034e-10]

parents after selection:
parent1 and its probability : [ 0.00000000e+00 -1.45799022e-12 -2.28980078e-13  4.62010753e-11
 -1.75237194e-10 -1.83681758e-15  8.52944060e-16  2.29442519e-05
 -2.04721003e-06 -1.59822693e-08  9.98214034e-10]0.10038977476881696
parent2 and its probability:  [ 0.00000000e+00 -1.45799022e-12 -2.28980078e-13  4.62010753e-11
 -1.75214813e-10 -1.83700713e-15  8.52944060e-16  2.29423303e-05
 -2.04721003e-06 -1.59792834e-08  9.98214034e-10]0.1001171694908387
parents after selection:
parent1 and its probability : [ 0.00000000e+00 -1.45799022e-12 -2.28980078e-13  4.62010753e-11
 -1.75214813e-10 -1.83669770e-15  8.52944060e-16  2.29423303e-05
 -2.04721003e-06 -1.59792834e-08  9.98214034e-10]0.10007663623842573
parent2 and its probability:  [ 0.00000000e+00 -1.45799022e-12 -2.28980078e-13  4.62057758e-11
 -1.75214813e-10 -1.83669770e-15  8.53110273e-16  2.29423303e-05
 -2.04721003e-06 -1.59792834e-08  9.98214034e-10]0.10007663623842575
parents after selection:
parent1 and its probability : [ 0.00000000e+00 -1.45799022e-12 -2.28980078e-13  4.62097723e-11
 -1.75214813e-10 -1.83669770e-15  8.53089301e-16  2.29423303e-05
 -2.04721003e-06 -1.59792834e-08  9.98214034e-10]0.10007663623842569
parent2 and its probability:  [ 0.00000000e+00 -1.45799022e-12 -2.28980078e-13  4.62010753e-11
 -1.75214813e-10 -1.83700713e-15  8.52944060e-16  2.29423303e-05
 -2.04721003e-06 -1.59792834e-08  9.98214034e-10]0.1001171694908387
parents after selection:
parent1 and its probability : [ 0.00000000e+00 -1.45799022e-12 -2.28980078e-13  4.62010753e-11
 -1.75237194e-10 -1.83681758e-15  8.52944060e-16  2.29442519e-05
 -2.04721003e-06 -1.59822693e-08  9.98214034e-10]0.10038977476881696
parent2 and its probability:  [ 0.00000000e+00 -1.45799022e-12 -2.28980078e-13  4.62057758e-11
 -1.75214813e-10 -1.83669770e-15  8.53110273e-16  2.29423303e-05
 -2.04721003e-06 -1.59792834e-08  9.98214034e-10]0.10007663623842575
parents after selection:
parent1 and its probability : [ 0.00000000e+00 -1.45799022e-12 -2.28980078e-13  4.62057758e-11
 -1.75214813e-10 -1.83669770e-15  8.53110273e-16  2.29423303e-05
 -2.04721003e-06 -1.59792834e-08  9.98214034e-10]0.10007663623842575
parent2 and its probability:  [ 0.00000000e+00 -1.45799022e-12 -2.28980078e-13  4.62010753e-11
 -1.75237194e-10 -1.83681758e-15  8.52944060e-16  2.29442519e-05
 -2.04721003e-06 -1.59822693e-08  9.98214034e-10]0.10038977476881696
parents after selection:
parent1 and its probability : [ 0.00000000e+00 -1.45799022e-12 -2.28980078e-13  4.62094054e-11
 -1.75214813e-10 -1.83669770e-15  8.52944060e-16  2.29423303e-05
 -2.04721003e-06 -1.59792834e-08  9.98214034e-10]0.10007663623842569
parent2 and its probability:  [ 0.00000000e+00 -1.45799022e-12 -2.28980078e-13  4.62010753e-11
 -1.75214813e-10 -1.83669770e-15  8.52944060e-16  2.29423303e-05
 -2.04721003e-06 -1.59792834e-08  9.98214034e-10]0.10007663623842573
parents after selection:
parent1 and its probability : [ 0.00000000e+00 -1.45827246e-12 -2.29005001e-13  4.62010753e-11
 -1.75214813e-10 -1.83669770e-15  8.52839624e-16  2.29423303e-05
 -2.04721003e-06 -1.59768882e-08  9.98214034e-10]0.09975530684523298
parent2 and its probability:  [ 0.00000000e+00 -1.45827246e-12 -2.29005001e-13  4.62010753e-11
 -1.75214813e-10 -1.83669770e-15  8.52839624e-16  2.29423303e-05
 -2.04721003e-06 -1.59768882e-08  9.98214034e-10]0.09975530684523298
parents after selection:
parent1 and its probability : [ 0.00000000e+00 -1.45799022e-12 -2.28980078e-13  4.62010753e-11
 -1.75237194e-10 -1.83681758e-15  8.52944060e-16  2.29442519e-05
 -2.04721003e-06 -1.59822693e-08  9.98214034e-10]0.10038977476881696
parent2 and its probability:  [ 0.00000000e+00 -1.45799022e-12 -2.28980078e-13  4.62094054e-11
 -1.75214813e-10 -1.83669770e-15  8.52944060e-16  2.29423303e-05
 -2.04721003e-06 -1.59792834e-08  9.98214034e-10]0.10007663623842569
parents after selection:
parent1 and its probability : [ 0.00000000e+00 -1.45799022e-12 -2.28980078e-13  4.62010753e-11
 -1.75214813e-10 -1.83669770e-15  8.52944060e-16  2.29423303e-05
 -2.04721003e-06 -1.59792834e-08  9.98214034e-10]0.10007663623842573
parent2 and its probability:  [ 0.00000000e+00 -1.45799022e-12 -2.28980078e-13  4.62057758e-11
 -1.75214813e-10 -1.83669770e-15  8.53110273e-16  2.29423303e-05
 -2.04721003e-06 -1.59792834e-08  9.98214034e-10]0.10007663623842575
parents after selection:
parent1 and its probability : [ 0.00000000e+00 -1.45799022e-12 -2.28980078e-13  4.62094054e-11
 -1.75214813e-10 -1.83669770e-15  8.52944060e-16  2.29423303e-05
 -2.04721003e-06 -1.59792834e-08  9.98214034e-10]0.10007663623842569
parent2 and its probability:  [ 0.00000000e+00 -1.45799022e-12 -2.28980078e-13  4.62010753e-11
 -1.75214813e-10 -1.83669770e-15  8.52944060e-16  2.29423303e-05
 -2.04721003e-06 -1.59792834e-08  9.98214034e-10]0.10007663623842573
population after corssover:
[ 0.00000000e+00 -1.45799022e-12 -2.28980078e-13  4.62010753e-11
 -1.75214813e-10 -1.83700713e-15  8.52944060e-16  2.29423303e-05
 -2.04721003e-06 -1.59792834e-08  9.98214034e-10]
[ 0.00000000e+00 -1.45799022e-12 -2.28980078e-13  4.62010753e-11
 -1.75214813e-10 -1.83669770e-15  8.53110273e-16  2.29423303e-05
 -2.04721003e-06 -1.59792834e-08  9.98214034e-10]
[ 0.00000000e+00 -1.45799022e-12 -2.28980078e-13  4.62097723e-11
 -1.75214813e-10 -1.83700713e-15  8.52944060e-16  2.29423303e-05
 -2.04721003e-06 -1.59792834e-08  9.98214034e-10]
[ 0.00000000e+00 -1.45799022e-12 -2.28980078e-13  4.62057758e-11
 -1.75214813e-10 -1.83669770e-15  8.53110273e-16  2.29423303e-05
 -2.04721003e-06 -1.59792834e-08  9.98214034e-10]
[ 0.00000000e+00 -1.45799022e-12 -2.28980078e-13  4.62010753e-11
 -1.75237194e-10 -1.83681758e-15  8.52944060e-16  2.29442519e-05
 -2.04721003e-06 -1.59822693e-08  9.98214034e-10]
[ 0.00000000e+00 -1.45799022e-12 -2.28980078e-13  4.62094054e-11
 -1.75214813e-10 -1.83669770e-15  8.52944060e-16  2.29423303e-05
 -2.04721003e-06 -1.59792834e-08  9.98214034e-10]
[ 0.00000000e+00 -1.45827246e-12 -2.29005001e-13  4.62010753e-11
 -1.75214813e-10 -1.83669770e-15  8.52839624e-16  2.29423303e-05
 -2.04721003e-06 -1.59768882e-08  9.98214034e-10]
[ 0.00000000e+00 -1.45799022e-12 -2.28980078e-13  4.62010753e-11
 -1.75237194e-10 -1.83681758e-15  8.52944060e-16  2.29442519e-05
 -2.04721003e-06 -1.59822693e-08  9.98214034e-10]
[ 0.00000000e+00 -1.45799022e-12 -2.28980078e-13  4.62057758e-11
 -1.75214813e-10 -1.83669770e-15  8.53110273e-16  2.29423303e-05
 -2.04721003e-06 -1.59792834e-08  9.98214034e-10]
[ 0.00000000e+00 -1.45799022e-12 -2.28980078e-13  4.62010753e-11
 -1.75214813e-10 -1.83669770e-15  8.52944060e-16  2.29423303e-05
 -2.04721003e-06 -1.59792834e-08  9.98214034e-10]

population after mutation:
[ 0.00000000e+00 -1.45811241e-12 -2.28980078e-13  4.62010753e-11
 -1.75214813e-10 -1.83699459e-15  8.52944060e-16  2.29423303e-05
 -2.04721003e-06 -1.59763608e-08  9.98214034e-10]
[ 0.00000000e+00 -1.45799022e-12 -2.28980078e-13  4.62010753e-11
 -1.75214813e-10 -1.83669770e-15  8.53110273e-16  2.29423303e-05
 -2.04721003e-06 -1.59795170e-08  9.98214034e-10]
[ 0.00000000e+00 -1.45799022e-12 -2.28980078e-13  4.62097723e-11
 -1.75214813e-10 -1.83700713e-15  8.52944060e-16  2.29423303e-05
 -2.04721003e-06 -1.59792834e-08  9.98214034e-10]
[ 0.00000000e+00 -1.45799022e-12 -2.28980078e-13  4.62057758e-11
 -1.75214813e-10 -1.83669770e-15  8.53264966e-16  2.29423303e-05
 -2.04721003e-06 -1.59817105e-08  9.98214034e-10]
[ 0.00000000e+00 -1.45799022e-12 -2.28994473e-13  4.61972712e-11
 -1.75237194e-10 -1.83681758e-15  8.52854685e-16  2.29442519e-05
 -2.04724222e-06 -1.59822693e-08  9.98214034e-10]
[ 0.00000000e+00 -1.45799022e-12 -2.28980078e-13  4.62094054e-11
 -1.75214813e-10 -1.83679643e-15  8.52944060e-16  2.29459617e-05
 -2.04721003e-06 -1.59792834e-08  9.98214034e-10]
[ 0.00000000e+00 -1.45844020e-12 -2.29005001e-13  4.62010753e-11
 -1.75214813e-10 -1.83669770e-15  8.52839624e-16  2.29423303e-05
 -2.04721003e-06 -1.59760920e-08  9.98274805e-10]
[ 0.00000000e+00 -1.45799022e-12 -2.28980078e-13  4.62010753e-11
 -1.75248925e-10 -1.83713165e-15  8.52944060e-16  2.29442519e-05
 -2.04715751e-06 -1.59822693e-08  9.98214034e-10]
[ 0.00000000e+00 -1.45793125e-12 -2.28979784e-13  4.62057758e-11
 -1.75214813e-10 -1.83669770e-15  8.53110273e-16  2.29423303e-05
 -2.04721003e-06 -1.59792834e-08  9.98214034e-10]
[ 0.00000000e+00 -1.45799022e-12 -2.28980078e-13  4.62010753e-11
 -1.75214813e-10 -1.83669770e-15  8.52871571e-16  2.29423303e-05
 -2.04721003e-06 -1.59792834e-08  9.98214034e-10]


 
 
 
generation 2

initial population:
[ 0.00000000e+00 -1.45799022e-12 -2.28980078e-13  4.62010753e-11
 -1.75214813e-10 -1.83669770e-15  8.52944060e-16  2.29423303e-05
 -2.04721003e-06 -1.59792834e-08  9.98214034e-10]
[ 0.00000000e+00 -1.45799022e-12 -2.28938013e-13  4.62010753e-11
 -1.75214813e-10 -1.83669770e-15  8.52944060e-16  2.29423303e-05
 -2.04752641e-06 -1.59822855e-08  9.98214034e-10]
[ 0.00000000e+00 -1.45777533e-12 -2.28980078e-13  4.62010753e-11
 -1.75214813e-10 -1.83669770e-15  8.52944060e-16  2.29423303e-05
 -2.04721003e-06 -1.59792834e-08  9.98234306e-10]
[ 0.00000000e+00 -1.45799022e-12 -2.28980078e-13  4.62010753e-11
 -1.75214813e-10 -1.83669770e-15  8.52944060e-16  2.29413632e-05
 -2.04721003e-06 -1.59822321e-08  9.98214034e-10]
[ 0.00000000e+00 -1.45799022e-12 -2.28980078e-13  4.62010753e-11
 -1.75206138e-10 -1.83669770e-15  8.52944060e-16  2.29423303e-05
 -2.04721003e-06 -1.59792834e-08  9.98214034e-10]
[ 0.00000000e+00 -1.45822571e-12 -2.29021919e-13  4.62010753e-11
 -1.75214813e-10 -1.83669770e-15  8.52944060e-16  2.29423303e-05
 -2.04721003e-06 -1.59792834e-08  9.98214034e-10]
[ 0.00000000e+00 -1.45799022e-12 -2.28980078e-13  4.62010753e-11
 -1.75214813e-10 -1.83644556e-15  8.53078820e-16  2.29379623e-05
 -2.04721003e-06 -1.59792834e-08  9.98214034e-10]
[ 0.00000000e+00 -1.45799022e-12 -2.28980078e-13  4.62065984e-11
 -1.75214813e-10 -1.83669770e-15  8.52944060e-16  2.29423303e-05
 -2.04721003e-06 -1.59792834e-08  9.98270932e-10]
[ 0.00000000e+00 -1.45799022e-12 -2.28991794e-13  4.62059810e-11
 -1.75217025e-10 -1.83669770e-15  8.52944060e-16  2.29423303e-05
 -2.04721003e-06 -1.59792834e-08  9.98214034e-10]
[ 0.00000000e+00 -1.45799022e-12 -2.28980078e-13  4.62010753e-11
 -1.75214813e-10 -1.83669770e-15  8.52944060e-16  2.29423303e-05
 -2.04721003e-06 -1.59792834e-08  9.98214034e-10]

parents after selection:
parent1 and its probability : [ 0.00000000e+00 -1.45799022e-12 -2.28980078e-13  4.62010753e-11
 -1.75206138e-10 -1.83669770e-15  8.52944060e-16  2.29423303e-05
 -2.04721003e-06 -1.59792834e-08  9.98214034e-10]0.09985972764776445
parent2 and its probability:  [ 0.00000000e+00 -1.45799022e-12 -2.28980078e-13  4.62010753e-11
 -1.75214813e-10 -1.83669770e-15  8.52944060e-16  2.29413632e-05
 -2.04721003e-06 -1.59822321e-08  9.98214034e-10]0.10030761197781854
parents after selection:
parent1 and its probability : [ 0.00000000e+00 -1.45799022e-12 -2.28980078e-13  4.62010753e-11
 -1.75214813e-10 -1.83669770e-15  8.52944060e-16  2.29413632e-05
 -2.04721003e-06 -1.59822321e-08  9.98214034e-10]0.10030761197781854
parent2 and its probability:  [ 0.00000000e+00 -1.45799022e-12 -2.28980078e-13  4.62010753e-11
 -1.75214813e-10 -1.83669770e-15  8.52944060e-16  2.29423303e-05
 -2.04721003e-06 -1.59792834e-08  9.98214034e-10]0.09985972764776793
parents after selection:
parent1 and its probability : [ 0.00000000e+00 -1.45799022e-12 -2.28980078e-13  4.62065984e-11
 -1.75214813e-10 -1.83669770e-15  8.52944060e-16  2.29423303e-05
 -2.04721003e-06 -1.59792834e-08  9.98270932e-10]0.09948360954744549
parent2 and its probability:  [ 0.00000000e+00 -1.45799022e-12 -2.28980078e-13  4.62010753e-11
 -1.75214813e-10 -1.83669770e-15  8.52944060e-16  2.29423303e-05
 -2.04721003e-06 -1.59792834e-08  9.98214034e-10]0.09985972764776793
parents after selection:
parent1 and its probability : [ 0.00000000e+00 -1.45799022e-12 -2.28980078e-13  4.62065984e-11
 -1.75214813e-10 -1.83669770e-15  8.52944060e-16  2.29423303e-05
 -2.04721003e-06 -1.59792834e-08  9.98270932e-10]0.09948360954744549
parent2 and its probability:  [ 0.00000000e+00 -1.45799022e-12 -2.28980078e-13  4.62065984e-11
 -1.75214813e-10 -1.83669770e-15  8.52944060e-16  2.29423303e-05
 -2.04721003e-06 -1.59792834e-08  9.98270932e-10]0.09948360954744549
parents after selection:
parent1 and its probability : [ 0.00000000e+00 -1.45777533e-12 -2.28980078e-13  4.62010753e-11
 -1.75214813e-10 -1.83669770e-15  8.52944060e-16  2.29423303e-05
 -2.04721003e-06 -1.59792834e-08  9.98234306e-10]0.09972561136610743
parent2 and its probability:  [ 0.00000000e+00 -1.45799022e-12 -2.28980078e-13  4.62010753e-11
 -1.75206138e-10 -1.83669770e-15  8.52944060e-16  2.29423303e-05
 -2.04721003e-06 -1.59792834e-08  9.98214034e-10]0.09985972764776445
parents after selection:
parent1 and its probability : [ 0.00000000e+00 -1.45799022e-12 -2.28980078e-13  4.62010753e-11
 -1.75206138e-10 -1.83669770e-15  8.52944060e-16  2.29423303e-05
 -2.04721003e-06 -1.59792834e-08  9.98214034e-10]0.09985972764776445
parent2 and its probability:  [ 0.00000000e+00 -1.45799022e-12 -2.28980078e-13  4.62065984e-11
 -1.75214813e-10 -1.83669770e-15  8.52944060e-16  2.29423303e-05
 -2.04721003e-06 -1.59792834e-08  9.98270932e-10]0.09948360954744549
parents after selection:
parent1 and its probability : [ 0.00000000e+00 -1.45799022e-12 -2.28980078e-13  4.62010753e-11
 -1.75214813e-10 -1.83669770e-15  8.52944060e-16  2.29413632e-05
 -2.04721003e-06 -1.59822321e-08  9.98214034e-10]0.10030761197781854
parent2 and its probability:  [ 0.00000000e+00 -1.45799022e-12 -2.28938013e-13  4.62010753e-11
 -1.75214813e-10 -1.83669770e-15  8.52944060e-16  2.29423303e-05
 -2.04752641e-06 -1.59822855e-08  9.98214034e-10]0.1011220981229967
parents after selection:
parent1 and its probability : [ 0.00000000e+00 -1.45799022e-12 -2.28980078e-13  4.62065984e-11
 -1.75214813e-10 -1.83669770e-15  8.52944060e-16  2.29423303e-05
 -2.04721003e-06 -1.59792834e-08  9.98270932e-10]0.09948360954744549
parent2 and its probability:  [ 0.00000000e+00 -1.45799022e-12 -2.28980078e-13  4.62010753e-11
 -1.75214813e-10 -1.83644556e-15  8.53078820e-16  2.29379623e-05
 -2.04721003e-06 -1.59792834e-08  9.98214034e-10]0.10006243074679469
parents after selection:
parent1 and its probability : [ 0.00000000e+00 -1.45799022e-12 -2.28980078e-13  4.62010753e-11
 -1.75214813e-10 -1.83669770e-15  8.52944060e-16  2.29423303e-05
 -2.04721003e-06 -1.59792834e-08  9.98214034e-10]0.09985972764776793
parent2 and its probability:  [ 0.00000000e+00 -1.45777533e-12 -2.28980078e-13  4.62010753e-11
 -1.75214813e-10 -1.83669770e-15  8.52944060e-16  2.29423303e-05
 -2.04721003e-06 -1.59792834e-08  9.98234306e-10]0.09972561136610743
parents after selection:
parent1 and its probability : [ 0.00000000e+00 -1.45799022e-12 -2.28991794e-13  4.62059810e-11
 -1.75217025e-10 -1.83669770e-15  8.52944060e-16  2.29423303e-05
 -2.04721003e-06 -1.59792834e-08  9.98214034e-10]0.09985972764776892
parent2 and its probability:  [ 0.00000000e+00 -1.45799022e-12 -2.28980078e-13  4.62010753e-11
 -1.75214813e-10 -1.83669770e-15  8.52944060e-16  2.29423303e-05
 -2.04721003e-06 -1.59792834e-08  9.98214034e-10]0.09985972764776793
population after corssover:
[ 0.00000000e+00 -1.45799022e-12 -2.28980078e-13  4.62010753e-11
 -1.75206138e-10 -1.83669770e-15  8.52944060e-16  2.29423303e-05
 -2.04721003e-06 -1.59822321e-08  9.98214034e-10]
[ 0.00000000e+00 -1.45799022e-12 -2.28980078e-13  4.62010753e-11
 -1.75214813e-10 -1.83669770e-15  8.52944060e-16  2.29423303e-05
 -2.04721003e-06 -1.59792834e-08  9.98214034e-10]
[ 0.00000000e+00 -1.45799022e-12 -2.28980078e-13  4.62065984e-11
 -1.75214813e-10 -1.83669770e-15  8.52944060e-16  2.29423303e-05
 -2.04721003e-06 -1.59792834e-08  9.98214034e-10]
[ 0.00000000e+00 -1.45799022e-12 -2.28980078e-13  4.62065984e-11
 -1.75214813e-10 -1.83669770e-15  8.52944060e-16  2.29423303e-05
 -2.04721003e-06 -1.59792834e-08  9.98270932e-10]
[ 0.00000000e+00 -1.45777533e-12 -2.28980078e-13  4.62010753e-11
 -1.75214813e-10 -1.83669770e-15  8.52944060e-16  2.29423303e-05
 -2.04721003e-06 -1.59792834e-08  9.98214034e-10]
[ 0.00000000e+00 -1.45799022e-12 -2.28980078e-13  4.62010753e-11
 -1.75206138e-10 -1.83669770e-15  8.52944060e-16  2.29423303e-05
 -2.04721003e-06 -1.59792834e-08  9.98270932e-10]
[ 0.00000000e+00 -1.45799022e-12 -2.28980078e-13  4.62010753e-11
 -1.75214813e-10 -1.83669770e-15  8.52944060e-16  2.29413632e-05
 -2.04721003e-06 -1.59822855e-08  9.98214034e-10]
[ 0.00000000e+00 -1.45799022e-12 -2.28980078e-13  4.62065984e-11
 -1.75214813e-10 -1.83669770e-15  8.53078820e-16  2.29379623e-05
 -2.04721003e-06 -1.59792834e-08  9.98214034e-10]
[ 0.00000000e+00 -1.45799022e-12 -2.28980078e-13  4.62010753e-11
 -1.75214813e-10 -1.83669770e-15  8.52944060e-16  2.29423303e-05
 -2.04721003e-06 -1.59792834e-08  9.98234306e-10]
[ 0.00000000e+00 -1.45799022e-12 -2.28991794e-13  4.62010753e-11
 -1.75214813e-10 -1.83669770e-15  8.52944060e-16  2.29423303e-05
 -2.04721003e-06 -1.59792834e-08  9.98214034e-10]

population after mutation:
[ 0.00000000e+00 -1.45799022e-12 -2.28999266e-13  4.61938091e-11
 -1.75206138e-10 -1.83669770e-15  8.52944060e-16  2.29423303e-05
 -2.04721003e-06 -1.59822321e-08  9.98214034e-10]
[ 0.00000000e+00 -1.45824973e-12 -2.28980078e-13  4.62010753e-11
 -1.75214813e-10 -1.83669770e-15  8.53048779e-16  2.29423303e-05
 -2.04693117e-06 -1.59792834e-08  9.98214034e-10]
[ 0.00000000e+00 -1.45799022e-12 -2.28980078e-13  4.62065984e-11
 -1.75214813e-10 -1.83690748e-15  8.52944060e-16  2.29423303e-05
 -2.04721003e-06 -1.59792834e-08  9.98214034e-10]
[ 0.00000000e+00 -1.45799022e-12 -2.29003052e-13  4.62065984e-11
 -1.75214813e-10 -1.83669770e-15  8.52944060e-16  2.29423303e-05
 -2.04721003e-06 -1.59792834e-08  9.98270932e-10]
[ 0.00000000e+00 -1.45777533e-12 -2.28980078e-13  4.62010753e-11
 -1.75214813e-10 -1.83669770e-15  8.52999401e-16  2.29423303e-05
 -2.04721003e-06 -1.59792834e-08  9.98214034e-10]
[ 0.00000000e+00 -1.45799022e-12 -2.28980078e-13  4.62010753e-11
 -1.75206138e-10 -1.83648536e-15  8.52899119e-16  2.29423303e-05
 -2.04753044e-06 -1.59792834e-08  9.98364841e-10]
[ 0.00000000e+00 -1.45799022e-12 -2.28938167e-13  4.62013273e-11
 -1.75211905e-10 -1.83644196e-15  8.52944060e-16  2.29413632e-05
 -2.04721003e-06 -1.59822855e-08  9.98036022e-10]
[ 0.00000000e+00 -1.45801793e-12 -2.28980078e-13  4.62065984e-11
 -1.75214813e-10 -1.83669770e-15  8.53078820e-16  2.29379623e-05
 -2.04721003e-06 -1.59792834e-08  9.98214034e-10]
[ 0.00000000e+00 -1.45799022e-12 -2.28980078e-13  4.62074876e-11
 -1.75214813e-10 -1.83669770e-15  8.52944060e-16  2.29423303e-05
 -2.04721003e-06 -1.59804206e-08  9.98279330e-10]
[ 0.00000000e+00 -1.45799022e-12 -2.28991794e-13  4.62010753e-11
 -1.75214813e-10 -1.83669770e-15  8.53069560e-16  2.29423303e-05
 -2.04697333e-06 -1.59792834e-08  9.98214034e-10]


 
 
 
generation 2

initial population:
[ 0.00000000e+00 -1.45799022e-12 -2.28980078e-13  4.62010753e-11
 -1.75214813e-10 -1.83669770e-15  8.52944060e-16  2.29390282e-05
 -2.04721003e-06 -1.59792834e-08  9.98214034e-10]
[ 0.00000000e+00 -1.45799022e-12 -2.28980078e-13  4.62010753e-11
 -1.75214813e-10 -1.83669770e-15  8.52944060e-16  2.29423303e-05
 -2.04721003e-06 -1.59792834e-08  9.98214034e-10]
[ 0.00000000e+00 -1.45799022e-12 -2.28980078e-13  4.61970255e-11
 -1.75214813e-10 -1.83669770e-15  8.52896090e-16  2.29423303e-05
 -2.04721003e-06 -1.59792834e-08  9.98214034e-10]
[ 0.00000000e+00 -1.45797910e-12 -2.28980078e-13  4.62007784e-11
 -1.75214813e-10 -1.83669770e-15  8.52944060e-16  2.29423303e-05
 -2.04721003e-06 -1.59792834e-08  9.98219704e-10]
[ 0.00000000e+00 -1.45799022e-12 -2.28980078e-13  4.62010753e-11
 -1.75214813e-10 -1.83669770e-15  8.52944060e-16  2.29442637e-05
 -2.04755027e-06 -1.59792834e-08  9.98214034e-10]
[ 0.00000000e+00 -1.45799022e-12 -2.28980078e-13  4.62010753e-11
 -1.75214813e-10 -1.83669770e-15  8.52944060e-16  2.29436140e-05
 -2.04721003e-06 -1.59792834e-08  9.98214034e-10]
[ 0.00000000e+00 -1.45799022e-12 -2.28943765e-13  4.62010753e-11
 -1.75214813e-10 -1.83669770e-15  8.52944060e-16  2.29412663e-05
 -2.04721003e-06 -1.59792834e-08  9.98214034e-10]
[ 0.00000000e+00 -1.45799022e-12 -2.28980078e-13  4.62010753e-11
 -1.75214813e-10 -1.83669770e-15  8.52944060e-16  2.29423303e-05
 -2.04721003e-06 -1.59792834e-08  9.98214034e-10]
[ 0.00000000e+00 -1.45800741e-12 -2.28980078e-13  4.62081634e-11
 -1.75222396e-10 -1.83669770e-15  8.52944060e-16  2.29456570e-05
 -2.04721003e-06 -1.59792834e-08  9.98214034e-10]
[ 0.00000000e+00 -1.45799022e-12 -2.28980078e-13  4.62010753e-11
 -1.75214813e-10 -1.83669770e-15  8.52944060e-16  2.29423303e-05
 -2.04721003e-06 -1.59792834e-08  9.98031386e-10]

parents after selection:
parent1 and its probability : [ 0.00000000e+00 -1.45799022e-12 -2.28980078e-13  4.62010753e-11
 -1.75214813e-10 -1.83669770e-15  8.52944060e-16  2.29423303e-05
 -2.04721003e-06 -1.59792834e-08  9.98214034e-10]0.09980200774259122
parent2 and its probability:  [ 0.00000000e+00 -1.45800741e-12 -2.28980078e-13  4.62081634e-11
 -1.75222396e-10 -1.83669770e-15  8.52944060e-16  2.29456570e-05
 -2.04721003e-06 -1.59792834e-08  9.98214034e-10]0.09962274748150331
parents after selection:
parent1 and its probability : [ 0.00000000e+00 -1.45799022e-12 -2.28980078e-13  4.62010753e-11
 -1.75214813e-10 -1.83669770e-15  8.52944060e-16  2.29442637e-05
 -2.04755027e-06 -1.59792834e-08  9.98214034e-10]0.10061927740325069
parent2 and its probability:  [ 0.00000000e+00 -1.45799022e-12 -2.28980078e-13  4.62010753e-11
 -1.75214813e-10 -1.83669770e-15  8.52944060e-16  2.29423303e-05
 -2.04721003e-06 -1.59792834e-08  9.98214034e-10]0.09980200774259122
parents after selection:
parent1 and its probability : [ 0.00000000e+00 -1.45800741e-12 -2.28980078e-13  4.62081634e-11
 -1.75222396e-10 -1.83669770e-15  8.52944060e-16  2.29456570e-05
 -2.04721003e-06 -1.59792834e-08  9.98214034e-10]0.09962274748150331
parent2 and its probability:  [ 0.00000000e+00 -1.45799022e-12 -2.28980078e-13  4.62010753e-11
 -1.75214813e-10 -1.83669770e-15  8.52944060e-16  2.29423303e-05
 -2.04721003e-06 -1.59792834e-08  9.98214034e-10]0.09980200774259122
parents after selection:
parent1 and its probability : [ 0.00000000e+00 -1.45799022e-12 -2.28980078e-13  4.62010753e-11
 -1.75214813e-10 -1.83669770e-15  8.52944060e-16  2.29390282e-05
 -2.04721003e-06 -1.59792834e-08  9.98214034e-10]0.09998007404596748
parent2 and its probability:  [ 0.00000000e+00 -1.45797910e-12 -2.28980078e-13  4.62007784e-11
 -1.75214813e-10 -1.83669770e-15  8.52944060e-16  2.29423303e-05
 -2.04721003e-06 -1.59792834e-08  9.98219704e-10]0.09976450420864695
parents after selection:
parent1 and its probability : [ 0.00000000e+00 -1.45797910e-12 -2.28980078e-13  4.62007784e-11
 -1.75214813e-10 -1.83669770e-15  8.52944060e-16  2.29423303e-05
 -2.04721003e-06 -1.59792834e-08  9.98219704e-10]0.09976450420864695
parent2 and its probability:  [ 0.00000000e+00 -1.45799022e-12 -2.28980078e-13  4.62010753e-11
 -1.75214813e-10 -1.83669770e-15  8.52944060e-16  2.29423303e-05
 -2.04721003e-06 -1.59792834e-08  9.98214034e-10]0.09980200774259122
parents after selection:
parent1 and its probability : [ 0.00000000e+00 -1.45800741e-12 -2.28980078e-13  4.62081634e-11
 -1.75222396e-10 -1.83669770e-15  8.52944060e-16  2.29456570e-05
 -2.04721003e-06 -1.59792834e-08  9.98214034e-10]0.09962274748150331
parent2 and its probability:  [ 0.00000000e+00 -1.45800741e-12 -2.28980078e-13  4.62081634e-11
 -1.75222396e-10 -1.83669770e-15  8.52944060e-16  2.29456570e-05
 -2.04721003e-06 -1.59792834e-08  9.98214034e-10]0.09962274748150331
parents after selection:
parent1 and its probability : [ 0.00000000e+00 -1.45799022e-12 -2.28980078e-13  4.62010753e-11
 -1.75214813e-10 -1.83669770e-15  8.52944060e-16  2.29423303e-05
 -2.04721003e-06 -1.59792834e-08  9.98214034e-10]0.09980200774259122
parent2 and its probability:  [ 0.00000000e+00 -1.45799022e-12 -2.28980078e-13  4.62010753e-11
 -1.75214813e-10 -1.83669770e-15  8.52944060e-16  2.29423303e-05
 -2.04721003e-06 -1.59792834e-08  9.98214034e-10]0.09980200774259122
parents after selection:
parent1 and its probability : [ 0.00000000e+00 -1.45799022e-12 -2.28980078e-13  4.62010753e-11
 -1.75214813e-10 -1.83669770e-15  8.52944060e-16  2.29442637e-05
 -2.04755027e-06 -1.59792834e-08  9.98214034e-10]0.10061927740325069
parent2 and its probability:  [ 0.00000000e+00 -1.45799022e-12 -2.28980078e-13  4.61970255e-11
 -1.75214813e-10 -1.83669770e-15  8.52896090e-16  2.29423303e-05
 -2.04721003e-06 -1.59792834e-08  9.98214034e-10]0.09980200774259118
parents after selection:
parent1 and its probability : [ 0.00000000e+00 -1.45799022e-12 -2.28980078e-13  4.61970255e-11
 -1.75214813e-10 -1.83669770e-15  8.52896090e-16  2.29423303e-05
 -2.04721003e-06 -1.59792834e-08  9.98214034e-10]0.09980200774259118
parent2 and its probability:  [ 0.00000000e+00 -1.45799022e-12 -2.28980078e-13  4.61970255e-11
 -1.75214813e-10 -1.83669770e-15  8.52896090e-16  2.29423303e-05
 -2.04721003e-06 -1.59792834e-08  9.98214034e-10]0.09980200774259118
parents after selection:
parent1 and its probability : [ 0.00000000e+00 -1.45799022e-12 -2.28980078e-13  4.62010753e-11
 -1.75214813e-10 -1.83669770e-15  8.52944060e-16  2.29423303e-05
 -2.04721003e-06 -1.59792834e-08  9.98031386e-10]0.10101518339504449
parent2 and its probability:  [ 0.00000000e+00 -1.45799022e-12 -2.28980078e-13  4.62010753e-11
 -1.75214813e-10 -1.83669770e-15  8.52944060e-16  2.29423303e-05
 -2.04721003e-06 -1.59792834e-08  9.98214034e-10]0.09980200774259122
population after corssover:
[ 0.00000000e+00 -1.45799022e-12 -2.28980078e-13  4.62010753e-11
 -1.75214813e-10 -1.83669770e-15  8.52944060e-16  2.29456570e-05
 -2.04721003e-06 -1.59792834e-08  9.98214034e-10]
[ 0.00000000e+00 -1.45799022e-12 -2.28980078e-13  4.62010753e-11
 -1.75214813e-10 -1.83669770e-15  8.52944060e-16  2.29423303e-05
 -2.04721003e-06 -1.59792834e-08  9.98214034e-10]
[ 0.00000000e+00 -1.45800741e-12 -2.28980078e-13  4.62081634e-11
 -1.75222396e-10 -1.83669770e-15  8.52944060e-16  2.29423303e-05
 -2.04721003e-06 -1.59792834e-08  9.98214034e-10]
[ 0.00000000e+00 -1.45799022e-12 -2.28980078e-13  4.62010753e-11
 -1.75214813e-10 -1.83669770e-15  8.52944060e-16  2.29423303e-05
 -2.04721003e-06 -1.59792834e-08  9.98219704e-10]
[ 0.00000000e+00 -1.45797910e-12 -2.28980078e-13  4.62007784e-11
 -1.75214813e-10 -1.83669770e-15  8.52944060e-16  2.29423303e-05
 -2.04721003e-06 -1.59792834e-08  9.98214034e-10]
[ 0.00000000e+00 -1.45800741e-12 -2.28980078e-13  4.62081634e-11
 -1.75222396e-10 -1.83669770e-15  8.52944060e-16  2.29456570e-05
 -2.04721003e-06 -1.59792834e-08  9.98214034e-10]
[ 0.00000000e+00 -1.45799022e-12 -2.28980078e-13  4.62010753e-11
 -1.75214813e-10 -1.83669770e-15  8.52944060e-16  2.29423303e-05
 -2.04721003e-06 -1.59792834e-08  9.98214034e-10]
[ 0.00000000e+00 -1.45799022e-12 -2.28980078e-13  4.61970255e-11
 -1.75214813e-10 -1.83669770e-15  8.52896090e-16  2.29423303e-05
 -2.04721003e-06 -1.59792834e-08  9.98214034e-10]
[ 0.00000000e+00 -1.45799022e-12 -2.28980078e-13  4.61970255e-11
 -1.75214813e-10 -1.83669770e-15  8.52896090e-16  2.29423303e-05
 -2.04721003e-06 -1.59792834e-08  9.98214034e-10]
[ 0.00000000e+00 -1.45799022e-12 -2.28980078e-13  4.62010753e-11
 -1.75214813e-10 -1.83669770e-15  8.52944060e-16  2.29423303e-05
 -2.04721003e-06 -1.59792834e-08  9.98214034e-10]

population after mutation:
[ 0.00000000e+00 -1.45828027e-12 -2.28980078e-13  4.61957606e-11
 -1.75214813e-10 -1.83669770e-15  8.52944060e-16  2.29456570e-05
 -2.04721003e-06 -1.59792834e-08  9.98214034e-10]
[ 0.00000000e+00 -1.45799022e-12 -2.28980078e-13  4.62010753e-11
 -1.75214813e-10 -1.83669770e-15  8.52884043e-16  2.29420985e-05
 -2.04721003e-06 -1.59792834e-08  9.98214034e-10]
[ 0.00000000e+00 -1.45800741e-12 -2.29010864e-13  4.62035785e-11
 -1.75222396e-10 -1.83701549e-15  8.52944060e-16  2.29423303e-05
 -2.04721003e-06 -1.59792834e-08  9.98214034e-10]
[ 0.00000000e+00 -1.45799022e-12 -2.28980078e-13  4.61935470e-11
 -1.75236205e-10 -1.83669770e-15  8.52944060e-16  2.29423303e-05
 -2.04729126e-06 -1.59792834e-08  9.98219704e-10]
[ 0.00000000e+00 -1.45797910e-12 -2.28980078e-13  4.62007784e-11
 -1.75214813e-10 -1.83695732e-15  8.52944060e-16  2.29423303e-05
 -2.04721003e-06 -1.59792834e-08  9.98214034e-10]
[ 0.00000000e+00 -1.45800741e-12 -2.28980078e-13  4.62011408e-11
 -1.75222396e-10 -1.83668130e-15  8.52944060e-16  2.29456570e-05
 -2.04721003e-06 -1.59782557e-08  9.98214034e-10]
[ 0.00000000e+00 -1.45804059e-12 -2.28980078e-13  4.62010753e-11
 -1.75214813e-10 -1.83669770e-15  8.53069617e-16  2.29459648e-05
 -2.04721003e-06 -1.59792834e-08  9.98214034e-10]
[ 0.00000000e+00 -1.45799022e-12 -2.28980078e-13  4.61970255e-11
 -1.75243547e-10 -1.83677517e-15  8.52896090e-16  2.29423303e-05
 -2.04727243e-06 -1.59792834e-08  9.98169051e-10]
[ 0.00000000e+00 -1.45799022e-12 -2.28944880e-13  4.61970255e-11
 -1.75214813e-10 -1.83669770e-15  8.52896090e-16  2.29423303e-05
 -2.04721003e-06 -1.59792834e-08  9.98214034e-10]
[ 0.00000000e+00 -1.45799022e-12 -2.29001694e-13  4.62010753e-11
 -1.75224689e-10 -1.83669770e-15  8.52944060e-16  2.29423303e-05
 -2.04721003e-06 -1.59792834e-08  9.98214034e-10]


 
 
 
generation 2

initial population:
[ 0.00000000e+00 -1.13184139e-12 -9.73874720e-14  3.20443884e-11
 -6.32233593e-11 -9.03061471e-16  6.25621781e-16  1.80330418e-05
 -6.59291683e-07 -8.57423678e-09  6.48549667e-10]
[ 0.00000000e+00 -9.59988244e-13 -9.21626679e-14  1.98422071e-11
 -7.50813704e-11 -1.35646860e-15  4.39565837e-16  2.05446481e-05
 -8.14936207e-07 -1.40762863e-08  4.85996245e-10]
[ 0.00000000e+00 -4.87229909e-13 -1.84353527e-13  2.40733096e-11
 -1.40948341e-10 -9.65457187e-16  4.68164331e-16  8.10313660e-06
 -9.45701753e-07 -9.24413824e-09  8.95560449e-10]
[ 0.00000000e+00 -1.26681014e-12 -7.95603851e-14  3.86667991e-11
 -8.07682472e-11 -1.11266359e-15  4.75171811e-16  2.04905477e-05
 -1.20381556e-06 -8.67896636e-09  5.90515816e-10]
[ 0.00000000e+00 -8.76596715e-13 -2.03477355e-13  3.18894793e-11
 -8.22689678e-11 -1.08883662e-15  4.48627002e-16  1.61604950e-05
 -7.05449851e-07 -1.08560804e-08  6.49448093e-10]
[ 0.00000000e+00 -5.49133904e-13 -1.97479273e-13  3.41841285e-11
 -1.07642377e-10 -1.32680061e-15  7.47242128e-16  1.12879418e-05
 -1.12064616e-06 -6.44811032e-09  7.92713525e-10]
[ 0.00000000e+00 -1.09847240e-12 -1.64820951e-13  1.74875804e-11
 -5.57195159e-11 -1.53537773e-15  5.37265476e-16  1.75339443e-05
 -6.89517248e-07 -4.86960041e-09  7.60905711e-10]
[ 0.00000000e+00 -4.39861959e-13 -9.79733122e-14  3.16110986e-11
 -1.32700038e-10 -1.35317465e-15  5.72934596e-16  1.65813584e-05
 -1.33395324e-06 -6.63835315e-09  8.11242349e-10]
[ 0.00000000e+00 -8.88078532e-13 -9.44336939e-14  3.26823925e-11
 -5.77902850e-11 -1.64050205e-15  4.13849543e-16  1.77501110e-05
 -1.39744235e-06 -9.48144046e-09  5.40321677e-10]
[ 0.00000000e+00 -7.69104812e-13 -2.05946192e-13  2.34153197e-11
 -1.04633978e-10 -1.06164588e-15  4.60771813e-16  1.96997820e-05
 -6.83418046e-07 -1.25238432e-08  7.36458315e-10]

parents after selection:
parent1 and its probability : [ 0.00000000e+00 -8.88078532e-13 -9.44336939e-14  3.26823925e-11
 -5.77902850e-11 -1.64050205e-15  4.13849543e-16  1.77501110e-05
 -1.39744235e-06 -9.48144046e-09  5.40321677e-10]0.30531395288462626
parent2 and its probability:  [ 0.00000000e+00 -1.26681014e-12 -7.95603851e-14  3.86667991e-11
 -8.07682472e-11 -1.11266359e-15  4.75171811e-16  2.04905477e-05
 -1.20381556e-06 -8.67896636e-09  5.90515816e-10]0.1470805354213512
parents after selection:
parent1 and its probability : [ 0.00000000e+00 -8.88078532e-13 -9.44336939e-14  3.26823925e-11
 -5.77902850e-11 -1.64050205e-15  4.13849543e-16  1.77501110e-05
 -1.39744235e-06 -9.48144046e-09  5.40321677e-10]0.30531395288462626
parent2 and its probability:  [ 0.00000000e+00 -9.59988244e-13 -9.21626679e-14  1.98422071e-11
 -7.50813704e-11 -1.35646860e-15  4.39565837e-16  2.05446481e-05
 -8.14936207e-07 -1.40762863e-08  4.85996245e-10]0.44424910136709167
parents after selection:
parent1 and its probability : [ 0.00000000e+00 -1.26681014e-12 -7.95603851e-14  3.86667991e-11
 -8.07682472e-11 -1.11266359e-15  4.75171811e-16  2.04905477e-05
 -1.20381556e-06 -8.67896636e-09  5.90515816e-10]0.1470805354213512
parent2 and its probability:  [ 0.00000000e+00 -9.59988244e-13 -9.21626679e-14  1.98422071e-11
 -7.50813704e-11 -1.35646860e-15  4.39565837e-16  2.05446481e-05
 -8.14936207e-07 -1.40762863e-08  4.85996245e-10]0.44424910136709167
parents after selection:
parent1 and its probability : [ 0.00000000e+00 -8.88078532e-13 -9.44336939e-14  3.26823925e-11
 -5.77902850e-11 -1.64050205e-15  4.13849543e-16  1.77501110e-05
 -1.39744235e-06 -9.48144046e-09  5.40321677e-10]0.30531395288462626
parent2 and its probability:  [ 0.00000000e+00 -9.59988244e-13 -9.21626679e-14  1.98422071e-11
 -7.50813704e-11 -1.35646860e-15  4.39565837e-16  2.05446481e-05
 -8.14936207e-07 -1.40762863e-08  4.85996245e-10]0.44424910136709167
parents after selection:
parent1 and its probability : [ 0.00000000e+00 -1.26681014e-12 -7.95603851e-14  3.86667991e-11
 -8.07682472e-11 -1.11266359e-15  4.75171811e-16  2.04905477e-05
 -1.20381556e-06 -8.67896636e-09  5.90515816e-10]0.1470805354213512
parent2 and its probability:  [ 0.00000000e+00 -9.59988244e-13 -9.21626679e-14  1.98422071e-11
 -7.50813704e-11 -1.35646860e-15  4.39565837e-16  2.05446481e-05
 -8.14936207e-07 -1.40762863e-08  4.85996245e-10]0.44424910136709167
parents after selection:
parent1 and its probability : [ 0.00000000e+00 -8.76596715e-13 -2.03477355e-13  3.18894793e-11
 -8.22689678e-11 -1.08883662e-15  4.48627002e-16  1.61604950e-05
 -7.05449851e-07 -1.08560804e-08  6.49448093e-10]0.019994164209044117
parent2 and its probability:  [ 0.00000000e+00 -8.88078532e-13 -9.44336939e-14  3.26823925e-11
 -5.77902850e-11 -1.64050205e-15  4.13849543e-16  1.77501110e-05
 -1.39744235e-06 -9.48144046e-09  5.40321677e-10]0.30531395288462626
parents after selection:
parent1 and its probability : [ 0.00000000e+00 -9.59988244e-13 -9.21626679e-14  1.98422071e-11
 -7.50813704e-11 -1.35646860e-15  4.39565837e-16  2.05446481e-05
 -8.14936207e-07 -1.40762863e-08  4.85996245e-10]0.44424910136709167
parent2 and its probability:  [ 0.00000000e+00 -1.13184139e-12 -9.73874720e-14  3.20443884e-11
 -6.32233593e-11 -9.03061471e-16  6.25621781e-16  1.80330418e-05
 -6.59291683e-07 -8.57423678e-09  6.48549667e-10]0.012087160744284578
parents after selection:
parent1 and its probability : [ 0.00000000e+00 -1.26681014e-12 -7.95603851e-14  3.86667991e-11
 -8.07682472e-11 -1.11266359e-15  4.75171811e-16  2.04905477e-05
 -1.20381556e-06 -8.67896636e-09  5.90515816e-10]0.1470805354213512
parent2 and its probability:  [ 0.00000000e+00 -8.88078532e-13 -9.44336939e-14  3.26823925e-11
 -5.77902850e-11 -1.64050205e-15  4.13849543e-16  1.77501110e-05
 -1.39744235e-06 -9.48144046e-09  5.40321677e-10]0.30531395288462626
parents after selection:
parent1 and its probability : [ 0.00000000e+00 -9.59988244e-13 -9.21626679e-14  1.98422071e-11
 -7.50813704e-11 -1.35646860e-15  4.39565837e-16  2.05446481e-05
 -8.14936207e-07 -1.40762863e-08  4.85996245e-10]0.44424910136709167
parent2 and its probability:  [ 0.00000000e+00 -4.39861959e-13 -9.79733122e-14  3.16110986e-11
 -1.32700038e-10 -1.35317465e-15  5.72934596e-16  1.65813584e-05
 -1.33395324e-06 -6.63835315e-09  8.11242349e-10]0.023553878658338197
parents after selection:
parent1 and its probability : [ 0.00000000e+00 -8.88078532e-13 -9.44336939e-14  3.26823925e-11
 -5.77902850e-11 -1.64050205e-15  4.13849543e-16  1.77501110e-05
 -1.39744235e-06 -9.48144046e-09  5.40321677e-10]0.30531395288462626
parent2 and its probability:  [ 0.00000000e+00 -9.59988244e-13 -9.21626679e-14  1.98422071e-11
 -7.50813704e-11 -1.35646860e-15  4.39565837e-16  2.05446481e-05
 -8.14936207e-07 -1.40762863e-08  4.85996245e-10]0.44424910136709167
population after corssover:
[ 0.00000000e+00 -8.88078532e-13 -9.44336939e-14  3.26823925e-11
 -5.77902850e-11 -1.64050205e-15  4.13849543e-16  1.77501110e-05
 -1.20381556e-06 -8.67896636e-09  5.90515816e-10]
[ 0.00000000e+00 -8.88078532e-13 -9.21626679e-14  1.98422071e-11
 -7.50813704e-11 -1.35646860e-15  4.39565837e-16  2.05446481e-05
 -8.14936207e-07 -1.40762863e-08  4.85996245e-10]
[ 0.00000000e+00 -1.26681014e-12 -9.21626679e-14  1.98422071e-11
 -7.50813704e-11 -1.35646860e-15  4.39565837e-16  2.05446481e-05
 -8.14936207e-07 -1.40762863e-08  4.85996245e-10]
[ 0.00000000e+00 -8.88078532e-13 -9.44336939e-14  3.26823925e-11
 -7.50813704e-11 -1.35646860e-15  4.39565837e-16  2.05446481e-05
 -8.14936207e-07 -1.40762863e-08  4.85996245e-10]
[ 0.00000000e+00 -1.26681014e-12 -7.95603851e-14  3.86667991e-11
 -7.50813704e-11 -1.35646860e-15  4.39565837e-16  2.05446481e-05
 -8.14936207e-07 -1.40762863e-08  4.85996245e-10]
[ 0.00000000e+00 -8.76596715e-13 -2.03477355e-13  3.18894793e-11
 -5.77902850e-11 -1.64050205e-15  4.13849543e-16  1.77501110e-05
 -1.39744235e-06 -9.48144046e-09  5.40321677e-10]
[ 0.00000000e+00 -9.59988244e-13 -9.21626679e-14  1.98422071e-11
 -7.50813704e-11 -1.35646860e-15  4.39565837e-16  2.05446481e-05
 -6.59291683e-07 -8.57423678e-09  6.48549667e-10]
[ 0.00000000e+00 -1.26681014e-12 -7.95603851e-14  3.26823925e-11
 -5.77902850e-11 -1.64050205e-15  4.13849543e-16  1.77501110e-05
 -1.39744235e-06 -9.48144046e-09  5.40321677e-10]
[ 0.00000000e+00 -9.59988244e-13 -9.21626679e-14  1.98422071e-11
 -7.50813704e-11 -1.35317465e-15  5.72934596e-16  1.65813584e-05
 -1.33395324e-06 -6.63835315e-09  8.11242349e-10]
[ 0.00000000e+00 -8.88078532e-13 -9.44336939e-14  3.26823925e-11
 -5.77902850e-11 -1.64050205e-15  4.13849543e-16  1.77501110e-05
 -1.39744235e-06 -1.40762863e-08  4.85996245e-10]

population after mutation:
[ 0.00000000e+00 -8.88078532e-13 -9.44336939e-14  3.26823925e-11
 -5.77902850e-11 -1.64050205e-15  4.13849543e-16  1.77501110e-05
 -1.20381556e-06 -8.67896636e-09  5.90515816e-10]
[ 0.00000000e+00 -8.88012537e-13 -9.21626679e-14  1.98422071e-11
 -7.50813704e-11 -1.35635833e-15  4.39565837e-16  2.05446481e-05
 -8.14852030e-07 -1.40762863e-08  4.86032630e-10]
[ 0.00000000e+00 -1.26681014e-12 -9.21589683e-14  1.98422071e-11
 -7.50813704e-11 -1.35646860e-15  4.39565837e-16  2.05446481e-05
 -8.14936207e-07 -1.40762863e-08  4.85996245e-10]
[ 0.00000000e+00 -8.88078532e-13 -9.44336939e-14  3.26823925e-11
 -7.50813704e-11 -1.35646860e-15  4.39565837e-16  2.05481311e-05
 -8.14936207e-07 -1.40766769e-08  4.85996245e-10]
[ 0.00000000e+00 -1.26681014e-12 -7.95603851e-14  3.86667991e-11
 -7.50813704e-11 -1.35665069e-15  4.39565837e-16  2.05446481e-05
 -8.14936207e-07 -1.40762863e-08  4.85996245e-10]
[ 0.00000000e+00 -8.76596715e-13 -2.03477355e-13  3.18894793e-11
 -5.77902850e-11 -1.64030676e-15  4.13849543e-16  1.77529624e-05
 -1.39744235e-06 -9.48144046e-09  5.40321677e-10]
[ 0.00000000e+00 -9.59988244e-13 -9.21790554e-14  1.98422071e-11
 -7.50723514e-11 -1.35646860e-15  4.39565837e-16  2.05446481e-05
 -6.59166978e-07 -8.57423678e-09  6.48549667e-10]
[ 0.00000000e+00 -1.26681014e-12 -7.95603851e-14  3.26821618e-11
 -5.77902850e-11 -1.64050205e-15  4.13849543e-16  1.77501110e-05
 -1.39731851e-06 -9.48277235e-09  5.40321677e-10]
[ 0.00000000e+00 -9.59988244e-13 -9.21626679e-14  1.98422071e-11
 -7.50813704e-11 -1.35317465e-15  5.72934596e-16  1.65813584e-05
 -1.33395324e-06 -6.63835315e-09  8.11242349e-10]
[ 0.00000000e+00 -8.87998480e-13 -9.44241007e-14  3.26782397e-11
 -5.77902850e-11 -1.64050205e-15  4.13849543e-16  1.77501110e-05
 -1.39744235e-06 -1.40762863e-08  4.85996245e-10]


 
 
 
generation 2

initial population:
[ 0.00000000e+00 -1.09387968e-12 -1.38029840e-13  3.24136025e-11
 -7.66187690e-11 -1.34166586e-15  3.18829474e-16  1.08466059e-05
 -7.33943668e-07 -5.96910732e-09  8.34195362e-10]
[ 0.00000000e+00 -1.08139847e-12 -7.98563335e-14  2.31540475e-11
 -1.21451202e-10 -8.60992426e-16  6.83533856e-16  1.89928632e-05
 -1.36766068e-06 -6.75754594e-09  5.14013169e-10]
[ 0.00000000e+00 -9.28899656e-13 -1.85394264e-13  3.80399885e-11
 -9.41063178e-11 -7.41802435e-16  4.08762335e-16  1.94272015e-05
 -1.68153754e-06 -1.37295488e-08  3.71415375e-10]
[ 0.00000000e+00 -5.38929051e-13 -7.94316291e-14  3.96357267e-11
 -1.39599279e-10 -1.56096787e-15  3.44982296e-16  8.65783208e-06
 -1.77701809e-06 -9.25070444e-09  5.60973946e-10]
[ 0.00000000e+00 -7.01001612e-13 -1.69395180e-13  2.76716166e-11
 -1.35836601e-10 -1.34650077e-15  2.67726035e-16  8.11020145e-06
 -9.22447972e-07 -7.77737030e-09  5.88762740e-10]
[ 0.00000000e+00 -1.21014776e-12 -9.21404582e-14  1.91168113e-11
 -1.04568884e-10 -1.59606335e-15  5.70368484e-16  1.12993170e-05
 -1.22262516e-06 -7.49319506e-09  4.91149408e-10]
[ 0.00000000e+00 -6.24150368e-13 -7.08078299e-14  2.47549025e-11
 -1.32240032e-10 -1.30240093e-15  4.56115867e-16  1.67785166e-05
 -7.70985747e-07 -8.06025517e-09  8.27893303e-10]
[ 0.00000000e+00 -9.06838151e-13 -1.87105457e-13  1.70660503e-11
 -1.55061671e-10 -1.07332649e-15  7.48654030e-16  1.89131461e-05
 -1.64481488e-06 -8.09195136e-09  5.84681363e-10]
[ 0.00000000e+00 -1.29913181e-12 -1.02610862e-13  2.77821757e-11
 -1.51495316e-10 -9.17021463e-16  6.86505384e-16  1.98487821e-05
 -6.70747877e-07 -1.08589299e-08  7.05876797e-10]
[ 0.00000000e+00 -1.28252942e-12 -1.55769985e-13  1.53578175e-11
 -9.49394882e-11 -1.12986366e-15  3.30923056e-16  2.01462928e-05
 -1.16387393e-06 -1.10089047e-08  4.68180438e-10]

parents after selection:
parent1 and its probability : [ 0.00000000e+00 -1.21014776e-12 -9.21404582e-14  1.91168113e-11
 -1.04568884e-10 -1.59606335e-15  5.70368484e-16  1.12993170e-05
 -1.22262516e-06 -7.49319506e-09  4.91149408e-10]0.03919501530044105
parent2 and its probability:  [ 0.00000000e+00 -1.08139847e-12 -7.98563335e-14  2.31540475e-11
 -1.21451202e-10 -8.60992426e-16  6.83533856e-16  1.89928632e-05
 -1.36766068e-06 -6.75754594e-09  5.14013169e-10]0.8539601918838233
parents after selection:
parent1 and its probability : [ 0.00000000e+00 -1.21014776e-12 -9.21404582e-14  1.91168113e-11
 -1.04568884e-10 -1.59606335e-15  5.70368484e-16  1.12993170e-05
 -1.22262516e-06 -7.49319506e-09  4.91149408e-10]0.03919501530044105
parent2 and its probability:  [ 0.00000000e+00 -1.08139847e-12 -7.98563335e-14  2.31540475e-11
 -1.21451202e-10 -8.60992426e-16  6.83533856e-16  1.89928632e-05
 -1.36766068e-06 -6.75754594e-09  5.14013169e-10]0.8539601918838233
parents after selection:
parent1 and its probability : [ 0.00000000e+00 -1.08139847e-12 -7.98563335e-14  2.31540475e-11
 -1.21451202e-10 -8.60992426e-16  6.83533856e-16  1.89928632e-05
 -1.36766068e-06 -6.75754594e-09  5.14013169e-10]0.8539601918838233
parent2 and its probability:  [ 0.00000000e+00 -1.08139847e-12 -7.98563335e-14  2.31540475e-11
 -1.21451202e-10 -8.60992426e-16  6.83533856e-16  1.89928632e-05
 -1.36766068e-06 -6.75754594e-09  5.14013169e-10]0.8539601918838233
parents after selection:
parent1 and its probability : [ 0.00000000e+00 -1.08139847e-12 -7.98563335e-14  2.31540475e-11
 -1.21451202e-10 -8.60992426e-16  6.83533856e-16  1.89928632e-05
 -1.36766068e-06 -6.75754594e-09  5.14013169e-10]0.8539601918838233
parent2 and its probability:  [ 0.00000000e+00 -1.08139847e-12 -7.98563335e-14  2.31540475e-11
 -1.21451202e-10 -8.60992426e-16  6.83533856e-16  1.89928632e-05
 -1.36766068e-06 -6.75754594e-09  5.14013169e-10]0.8539601918838233
parents after selection:
parent1 and its probability : [ 0.00000000e+00 -1.08139847e-12 -7.98563335e-14  2.31540475e-11
 -1.21451202e-10 -8.60992426e-16  6.83533856e-16  1.89928632e-05
 -1.36766068e-06 -6.75754594e-09  5.14013169e-10]0.8539601918838233
parent2 and its probability:  [ 0.00000000e+00 -1.08139847e-12 -7.98563335e-14  2.31540475e-11
 -1.21451202e-10 -8.60992426e-16  6.83533856e-16  1.89928632e-05
 -1.36766068e-06 -6.75754594e-09  5.14013169e-10]0.8539601918838233
parents after selection:
parent1 and its probability : [ 0.00000000e+00 -1.08139847e-12 -7.98563335e-14  2.31540475e-11
 -1.21451202e-10 -8.60992426e-16  6.83533856e-16  1.89928632e-05
 -1.36766068e-06 -6.75754594e-09  5.14013169e-10]0.8539601918838233
parent2 and its probability:  [ 0.00000000e+00 -1.08139847e-12 -7.98563335e-14  2.31540475e-11
 -1.21451202e-10 -8.60992426e-16  6.83533856e-16  1.89928632e-05
 -1.36766068e-06 -6.75754594e-09  5.14013169e-10]0.8539601918838233
parents after selection:
parent1 and its probability : [ 0.00000000e+00 -1.28252942e-12 -1.55769985e-13  1.53578175e-11
 -9.49394882e-11 -1.12986366e-15  3.30923056e-16  2.01462928e-05
 -1.16387393e-06 -1.10089047e-08  4.68180438e-10]0.06884801805658201
parent2 and its probability:  [ 0.00000000e+00 -1.08139847e-12 -7.98563335e-14  2.31540475e-11
 -1.21451202e-10 -8.60992426e-16  6.83533856e-16  1.89928632e-05
 -1.36766068e-06 -6.75754594e-09  5.14013169e-10]0.8539601918838233
parents after selection:
parent1 and its probability : [ 0.00000000e+00 -1.08139847e-12 -7.98563335e-14  2.31540475e-11
 -1.21451202e-10 -8.60992426e-16  6.83533856e-16  1.89928632e-05
 -1.36766068e-06 -6.75754594e-09  5.14013169e-10]0.8539601918838233
parent2 and its probability:  [ 0.00000000e+00 -1.08139847e-12 -7.98563335e-14  2.31540475e-11
 -1.21451202e-10 -8.60992426e-16  6.83533856e-16  1.89928632e-05
 -1.36766068e-06 -6.75754594e-09  5.14013169e-10]0.8539601918838233
parents after selection:
parent1 and its probability : [ 0.00000000e+00 -1.08139847e-12 -7.98563335e-14  2.31540475e-11
 -1.21451202e-10 -8.60992426e-16  6.83533856e-16  1.89928632e-05
 -1.36766068e-06 -6.75754594e-09  5.14013169e-10]0.8539601918838233
parent2 and its probability:  [ 0.00000000e+00 -1.21014776e-12 -9.21404582e-14  1.91168113e-11
 -1.04568884e-10 -1.59606335e-15  5.70368484e-16  1.12993170e-05
 -1.22262516e-06 -7.49319506e-09  4.91149408e-10]0.03919501530044105
parents after selection:
parent1 and its probability : [ 0.00000000e+00 -1.08139847e-12 -7.98563335e-14  2.31540475e-11
 -1.21451202e-10 -8.60992426e-16  6.83533856e-16  1.89928632e-05
 -1.36766068e-06 -6.75754594e-09  5.14013169e-10]0.8539601918838233
parent2 and its probability:  [ 0.00000000e+00 -1.08139847e-12 -7.98563335e-14  2.31540475e-11
 -1.21451202e-10 -8.60992426e-16  6.83533856e-16  1.89928632e-05
 -1.36766068e-06 -6.75754594e-09  5.14013169e-10]0.8539601918838233
population after corssover:
[ 0.00000000e+00 -1.21014776e-12 -9.21404582e-14  1.91168113e-11
 -1.04568884e-10 -1.59606335e-15  6.83533856e-16  1.89928632e-05
 -1.36766068e-06 -6.75754594e-09  5.14013169e-10]
[ 0.00000000e+00 -1.21014776e-12 -9.21404582e-14  1.91168113e-11
 -1.04568884e-10 -1.59606335e-15  6.83533856e-16  1.89928632e-05
 -1.36766068e-06 -6.75754594e-09  5.14013169e-10]
[ 0.00000000e+00 -1.08139847e-12 -7.98563335e-14  2.31540475e-11
 -1.21451202e-10 -8.60992426e-16  6.83533856e-16  1.89928632e-05
 -1.36766068e-06 -6.75754594e-09  5.14013169e-10]
[ 0.00000000e+00 -1.08139847e-12 -7.98563335e-14  2.31540475e-11
 -1.21451202e-10 -8.60992426e-16  6.83533856e-16  1.89928632e-05
 -1.36766068e-06 -6.75754594e-09  5.14013169e-10]
[ 0.00000000e+00 -1.08139847e-12 -7.98563335e-14  2.31540475e-11
 -1.21451202e-10 -8.60992426e-16  6.83533856e-16  1.89928632e-05
 -1.36766068e-06 -6.75754594e-09  5.14013169e-10]
[ 0.00000000e+00 -1.08139847e-12 -7.98563335e-14  2.31540475e-11
 -1.21451202e-10 -8.60992426e-16  6.83533856e-16  1.89928632e-05
 -1.36766068e-06 -6.75754594e-09  5.14013169e-10]
[ 0.00000000e+00 -1.28252942e-12 -1.55769985e-13  1.53578175e-11
 -9.49394882e-11 -8.60992426e-16  6.83533856e-16  1.89928632e-05
 -1.36766068e-06 -6.75754594e-09  5.14013169e-10]
[ 0.00000000e+00 -1.08139847e-12 -7.98563335e-14  2.31540475e-11
 -1.21451202e-10 -8.60992426e-16  6.83533856e-16  1.89928632e-05
 -1.36766068e-06 -6.75754594e-09  5.14013169e-10]
[ 0.00000000e+00 -1.08139847e-12 -7.98563335e-14  2.31540475e-11
 -1.21451202e-10 -8.60992426e-16  6.83533856e-16  1.89928632e-05
 -1.22262516e-06 -7.49319506e-09  4.91149408e-10]
[ 0.00000000e+00 -1.08139847e-12 -7.98563335e-14  2.31540475e-11
 -1.21451202e-10 -8.60992426e-16  6.83533856e-16  1.89928632e-05
 -1.36766068e-06 -6.75754594e-09  5.14013169e-10]

population after mutation:
[ 0.00000000e+00 -1.21034084e-12 -9.21404582e-14  1.91168113e-11
 -1.04568884e-10 -1.59606335e-15  6.83400513e-16  1.89928632e-05
 -1.36766068e-06 -6.75754594e-09  5.14028072e-10]
[ 0.00000000e+00 -1.21014776e-12 -9.21404582e-14  1.91168113e-11
 -1.04568884e-10 -1.59606335e-15  6.83533856e-16  1.89894027e-05
 -1.36766068e-06 -6.75754594e-09  5.14013169e-10]
[ 0.00000000e+00 -1.08139847e-12 -7.98563335e-14  2.31540475e-11
 -1.21455897e-10 -8.60992426e-16  6.83533856e-16  1.89928632e-05
 -1.36766068e-06 -6.75754594e-09  5.14013169e-10]
[ 0.00000000e+00 -1.08139847e-12 -7.98563335e-14  2.31517824e-11
 -1.21451202e-10 -8.60992426e-16  6.83533856e-16  1.89928632e-05
 -1.36766068e-06 -6.75754594e-09  5.14013169e-10]
[ 0.00000000e+00 -1.08139847e-12 -7.98563335e-14  2.31540475e-11
 -1.21451202e-10 -8.61088942e-16  6.83533856e-16  1.89928632e-05
 -1.36766068e-06 -6.75754594e-09  5.13930670e-10]
[ 0.00000000e+00 -1.08139847e-12 -7.98563335e-14  2.31540475e-11
 -1.21451202e-10 -8.60992426e-16  6.83533856e-16  1.89925768e-05
 -1.36741171e-06 -6.75754594e-09  5.14013169e-10]
[ 0.00000000e+00 -1.28278380e-12 -1.55769985e-13  1.53594885e-11
 -9.49394882e-11 -8.60992426e-16  6.83533856e-16  1.89928632e-05
 -1.36766068e-06 -6.75806404e-09  5.14013169e-10]
[ 0.00000000e+00 -1.08139847e-12 -7.98563335e-14  2.31506598e-11
 -1.21451202e-10 -8.60992426e-16  6.83533856e-16  1.89902391e-05
 -1.36766068e-06 -6.75754594e-09  5.14054802e-10]
[ 0.00000000e+00 -1.08139847e-12 -7.98563335e-14  2.31540475e-11
 -1.21451202e-10 -8.60992426e-16  6.83533856e-16  1.89928632e-05
 -1.22262516e-06 -7.49319506e-09  4.91086592e-10]
[ 0.00000000e+00 -1.08139847e-12 -7.98563335e-14  2.31540475e-11
 -1.21452147e-10 -8.61056949e-16  6.83533856e-16  1.89928632e-05
 -1.36766068e-06 -6.75782519e-09  5.14013169e-10]

