
 
 
 
generation 1 

initial population:
[ 0.00000000e+00 -1.00510552e-12 -7.44011447e-14  2.88181152e-11
 -1.32022512e-10 -1.23560818e-15  3.10809803e-16  1.58271067e-05
 -1.44649592e-06 -6.11109660e-09  4.72860259e-10]
[ 0.00000000e+00 -1.09088249e-12 -1.69110959e-13  2.98782600e-11
 -1.31467515e-10 -1.34582299e-15  3.18918012e-16  1.50496662e-05
 -1.39850042e-06 -1.19889136e-08  4.73392826e-10]
[ 0.00000000e+00 -8.37400314e-13 -1.19105877e-13  2.77313128e-11
 -1.01827121e-10 -9.35114297e-16  6.81207637e-16  1.02086018e-05
 -1.40102752e-06 -1.12021993e-08  4.91550423e-10]
[ 0.00000000e+00 -8.45603700e-13 -1.28201837e-13  2.87188233e-11
 -7.76167618e-11 -8.26323303e-16  5.41566931e-16  1.47508833e-05
 -1.38025732e-06 -9.11842310e-09  6.61853449e-10]
[ 0.00000000e+00 -5.75363720e-13 -8.38764436e-14  2.23925137e-11
 -9.16973965e-11 -9.61751937e-16  4.93320150e-16  1.31452314e-05
 -6.82739128e-07 -1.08773374e-08  4.68118712e-10]
[ 0.00000000e+00 -6.03955265e-13 -7.41416147e-14  1.78326109e-11
 -7.46367506e-11 -1.22239580e-15  2.79476977e-16  1.46705715e-05
 -1.36921720e-06 -6.81316559e-09  5.90750008e-10]
[ 0.00000000e+00 -7.79109079e-13 -1.53212485e-13  2.72770170e-11
 -5.63792144e-11 -9.16459316e-16  3.90345504e-16  1.58197923e-05
 -1.43173061e-06 -8.11840009e-09  3.60559964e-10]
[ 0.00000000e+00 -9.56267173e-13 -1.35837098e-13  3.38349110e-11
 -1.26078462e-10 -1.26298150e-15  4.55113788e-16  1.65074747e-05
 -1.34628312e-06 -5.20898921e-09  3.91201088e-10]
[ 0.00000000e+00 -1.06752854e-12 -8.02831996e-14  2.26945096e-11
 -1.35498604e-10 -1.00916116e-15  5.92255129e-16  1.23135212e-05
 -1.29988851e-06 -1.04709351e-08  5.15696667e-10]
[ 0.00000000e+00 -6.75885457e-13 -7.20551827e-14  2.43212815e-11
 -8.39135134e-11 -1.09125165e-15  5.69980725e-16  1.73527884e-05
 -7.95694509e-07 -4.79816344e-09  5.37079213e-10]

parents after selection:
parent1 and its probability : [ 0.00000000e+00 -6.03955265e-13 -7.41416147e-14  1.78326109e-11
 -7.46367506e-11 -1.22239580e-15  2.79476977e-16  1.46705715e-05
 -1.36921720e-06 -6.81316559e-09  5.90750008e-10]0.6513727618970493
parent2 and its probability:  [ 0.00000000e+00 -8.45603700e-13 -1.28201837e-13  2.87188233e-11
 -7.76167618e-11 -8.26323303e-16  5.41566931e-16  1.47508833e-05
 -1.38025732e-06 -9.11842310e-09  6.61853449e-10]0.16881853229339935
parents after selection:
parent1 and its probability : [ 0.00000000e+00 -6.03955265e-13 -7.41416147e-14  1.78326109e-11
 -7.46367506e-11 -1.22239580e-15  2.79476977e-16  1.46705715e-05
 -1.36921720e-06 -6.81316559e-09  5.90750008e-10]0.6513727618970493
parent2 and its probability:  [ 0.00000000e+00 -8.45603700e-13 -1.28201837e-13  2.87188233e-11
 -7.76167618e-11 -8.26323303e-16  5.41566931e-16  1.47508833e-05
 -1.38025732e-06 -9.11842310e-09  6.61853449e-10]0.16881853229339935
parents after selection:
parent1 and its probability : [ 0.00000000e+00 -9.56267173e-13 -1.35837098e-13  3.38349110e-11
 -1.26078462e-10 -1.26298150e-15  4.55113788e-16  1.65074747e-05
 -1.34628312e-06 -5.20898921e-09  3.91201088e-10]0.031895531407178615
parent2 and its probability:  [ 0.00000000e+00 -8.45603700e-13 -1.28201837e-13  2.87188233e-11
 -7.76167618e-11 -8.26323303e-16  5.41566931e-16  1.47508833e-05
 -1.38025732e-06 -9.11842310e-09  6.61853449e-10]0.16881853229339935
parents after selection:
parent1 and its probability : [ 0.00000000e+00 -6.03955265e-13 -7.41416147e-14  1.78326109e-11
 -7.46367506e-11 -1.22239580e-15  2.79476977e-16  1.46705715e-05
 -1.36921720e-06 -6.81316559e-09  5.90750008e-10]0.6513727618970493
parent2 and its probability:  [ 0.00000000e+00 -8.45603700e-13 -1.28201837e-13  2.87188233e-11
 -7.76167618e-11 -8.26323303e-16  5.41566931e-16  1.47508833e-05
 -1.38025732e-06 -9.11842310e-09  6.61853449e-10]0.16881853229339935
parents after selection:
parent1 and its probability : [ 0.00000000e+00 -8.45603700e-13 -1.28201837e-13  2.87188233e-11
 -7.76167618e-11 -8.26323303e-16  5.41566931e-16  1.47508833e-05
 -1.38025732e-06 -9.11842310e-09  6.61853449e-10]0.16881853229339935
parent2 and its probability:  [ 0.00000000e+00 -6.03955265e-13 -7.41416147e-14  1.78326109e-11
 -7.46367506e-11 -1.22239580e-15  2.79476977e-16  1.46705715e-05
 -1.36921720e-06 -6.81316559e-09  5.90750008e-10]0.6513727618970493
parents after selection:
parent1 and its probability : [ 0.00000000e+00 -6.03955265e-13 -7.41416147e-14  1.78326109e-11
 -7.46367506e-11 -1.22239580e-15  2.79476977e-16  1.46705715e-05
 -1.36921720e-06 -6.81316559e-09  5.90750008e-10]0.6513727618970493
parent2 and its probability:  [ 0.00000000e+00 -8.45603700e-13 -1.28201837e-13  2.87188233e-11
 -7.76167618e-11 -8.26323303e-16  5.41566931e-16  1.47508833e-05
 -1.38025732e-06 -9.11842310e-09  6.61853449e-10]0.16881853229339935
parents after selection:
parent1 and its probability : [ 0.00000000e+00 -6.03955265e-13 -7.41416147e-14  1.78326109e-11
 -7.46367506e-11 -1.22239580e-15  2.79476977e-16  1.46705715e-05
 -1.36921720e-06 -6.81316559e-09  5.90750008e-10]0.6513727618970493
parent2 and its probability:  [ 0.00000000e+00 -8.45603700e-13 -1.28201837e-13  2.87188233e-11
 -7.76167618e-11 -8.26323303e-16  5.41566931e-16  1.47508833e-05
 -1.38025732e-06 -9.11842310e-09  6.61853449e-10]0.16881853229339935
parents after selection:
parent1 and its probability : [ 0.00000000e+00 -9.56267173e-13 -1.35837098e-13  3.38349110e-11
 -1.26078462e-10 -1.26298150e-15  4.55113788e-16  1.65074747e-05
 -1.34628312e-06 -5.20898921e-09  3.91201088e-10]0.031895531407178615
parent2 and its probability:  [ 0.00000000e+00 -8.45603700e-13 -1.28201837e-13  2.87188233e-11
 -7.76167618e-11 -8.26323303e-16  5.41566931e-16  1.47508833e-05
 -1.38025732e-06 -9.11842310e-09  6.61853449e-10]0.16881853229339935
parents after selection:
parent1 and its probability : [ 0.00000000e+00 -6.03955265e-13 -7.41416147e-14  1.78326109e-11
 -7.46367506e-11 -1.22239580e-15  2.79476977e-16  1.46705715e-05
 -1.36921720e-06 -6.81316559e-09  5.90750008e-10]0.6513727618970493
parent2 and its probability:  [ 0.00000000e+00 -1.00510552e-12 -7.44011447e-14  2.88181152e-11
 -1.32022512e-10 -1.23560818e-15  3.10809803e-16  1.58271067e-05
 -1.44649592e-06 -6.11109660e-09  4.72860259e-10]0.04163981347497493
parents after selection:
parent1 and its probability : [ 0.00000000e+00 -6.03955265e-13 -7.41416147e-14  1.78326109e-11
 -7.46367506e-11 -1.22239580e-15  2.79476977e-16  1.46705715e-05
 -1.36921720e-06 -6.81316559e-09  5.90750008e-10]0.6513727618970493
parent2 and its probability:  [ 0.00000000e+00 -6.03955265e-13 -7.41416147e-14  1.78326109e-11
 -7.46367506e-11 -1.22239580e-15  2.79476977e-16  1.46705715e-05
 -1.36921720e-06 -6.81316559e-09  5.90750008e-10]0.6513727618970493
population after corssover:
[ 0.00000000e+00 -6.03955265e-13 -7.41416147e-14  1.78326109e-11
 -7.46367506e-11 -1.22239580e-15  2.79476977e-16  1.46705715e-05
 -1.36921720e-06 -9.11842310e-09  6.61853449e-10]
[ 0.00000000e+00 -6.03955265e-13 -7.41416147e-14  1.78326109e-11
 -7.46367506e-11 -8.26323303e-16  5.41566931e-16  1.47508833e-05
 -1.38025732e-06 -9.11842310e-09  6.61853449e-10]
[ 0.00000000e+00 -9.56267173e-13 -1.35837098e-13  3.38349110e-11
 -1.26078462e-10 -1.26298150e-15  4.55113788e-16  1.65074747e-05
 -1.34628312e-06 -5.20898921e-09  6.61853449e-10]
[ 0.00000000e+00 -8.45603700e-13 -1.28201837e-13  2.87188233e-11
 -7.76167618e-11 -8.26323303e-16  5.41566931e-16  1.47508833e-05
 -1.38025732e-06 -9.11842310e-09  6.61853449e-10]
[ 0.00000000e+00 -8.45603700e-13 -7.41416147e-14  1.78326109e-11
 -7.46367506e-11 -1.22239580e-15  2.79476977e-16  1.46705715e-05
 -1.36921720e-06 -6.81316559e-09  5.90750008e-10]
[ 0.00000000e+00 -6.03955265e-13 -7.41416147e-14  1.78326109e-11
 -7.46367506e-11 -1.22239580e-15  2.79476977e-16  1.46705715e-05
 -1.36921720e-06 -6.81316559e-09  6.61853449e-10]
[ 0.00000000e+00 -6.03955265e-13 -1.28201837e-13  2.87188233e-11
 -7.76167618e-11 -8.26323303e-16  5.41566931e-16  1.47508833e-05
 -1.38025732e-06 -9.11842310e-09  6.61853449e-10]
[ 0.00000000e+00 -9.56267173e-13 -1.35837098e-13  3.38349110e-11
 -7.76167618e-11 -8.26323303e-16  5.41566931e-16  1.47508833e-05
 -1.38025732e-06 -9.11842310e-09  6.61853449e-10]
[ 0.00000000e+00 -6.03955265e-13 -7.41416147e-14  2.88181152e-11
 -1.32022512e-10 -1.23560818e-15  3.10809803e-16  1.58271067e-05
 -1.44649592e-06 -6.11109660e-09  4.72860259e-10]
[ 0.00000000e+00 -6.03955265e-13 -7.41416147e-14  1.78326109e-11
 -7.46367506e-11 -1.22239580e-15  2.79476977e-16  1.46705715e-05
 -1.36921720e-06 -6.81316559e-09  5.90750008e-10]

population after mutation:
[ 0.00000000e+00 -6.03945495e-13 -7.41416147e-14  1.78326109e-11
 -7.46269136e-11 -1.22239580e-15  2.79476977e-16  1.46705715e-05
 -1.36920317e-06 -9.11842310e-09  6.61853449e-10]
[ 0.00000000e+00 -6.04037556e-13 -7.41416147e-14  1.78293690e-11
 -7.46367506e-11 -8.26323303e-16  5.41566931e-16  1.47508833e-05
 -1.38025732e-06 -9.11842310e-09  6.61853449e-10]
[ 0.00000000e+00 -9.56086103e-13 -1.35837098e-13  3.38349110e-11
 -1.26078462e-10 -1.26298150e-15  4.55113788e-16  1.65074747e-05
 -1.34628312e-06 -5.20898921e-09  6.61853449e-10]
[ 0.00000000e+00 -8.45603700e-13 -1.28201837e-13  2.87188233e-11
 -7.76126656e-11 -8.26482998e-16  5.41566931e-16  1.47515202e-05
 -1.38025732e-06 -9.11842310e-09  6.61853449e-10]
[ 0.00000000e+00 -8.45576978e-13 -7.41416147e-14  1.78326109e-11
 -7.46315187e-11 -1.22239580e-15  2.79476977e-16  1.46705715e-05
 -1.36921720e-06 -6.81301627e-09  5.90750008e-10]
[ 0.00000000e+00 -6.03955265e-13 -7.41416147e-14  1.78346848e-11
 -7.46367506e-11 -1.22239580e-15  2.79476977e-16  1.46705715e-05
 -1.36921720e-06 -6.81316559e-09  6.61807506e-10]
[ 0.00000000e+00 -6.03995951e-13 -1.28201837e-13  2.87188233e-11
 -7.76167618e-11 -8.26433871e-16  5.41566931e-16  1.47508833e-05
 -1.38028821e-06 -9.11842310e-09  6.61853449e-10]
[ 0.00000000e+00 -9.56267173e-13 -1.35837098e-13  3.38349110e-11
 -7.76167618e-11 -8.26323303e-16  5.41566931e-16  1.47508833e-05
 -1.38025732e-06 -9.11842310e-09  6.61853449e-10]
[ 0.00000000e+00 -6.03955265e-13 -7.41416147e-14  2.88181152e-11
 -1.32002763e-10 -1.23560818e-15  3.10809803e-16  1.58271067e-05
 -1.44621380e-06 -6.10999331e-09  4.72860259e-10]
[ 0.00000000e+00 -6.03955265e-13 -7.41416147e-14  1.78326109e-11
 -7.46367506e-11 -1.22240319e-15  2.79476977e-16  1.46686719e-05
 -1.36921720e-06 -6.81316559e-09  5.90855219e-10]


 
 
 
generation 2

initial population:
[ 0.00000000e+00 -6.03955265e-13 -7.41416147e-14  1.78326109e-11
 -7.46226000e-11 -1.22239580e-15  2.79491849e-16  1.46705715e-05
 -1.36921720e-06 -6.81316559e-09  5.90750008e-10]
[ 0.00000000e+00 -8.45576978e-13 -7.41416147e-14  1.78326109e-11
 -7.46315187e-11 -1.22253022e-15  2.79476977e-16  1.46705715e-05
 -1.36921720e-06 -6.81301627e-09  5.90750008e-10]
[ 0.00000000e+00 -6.03955265e-13 -7.41416147e-14  1.78326109e-11
 -7.46367506e-11 -1.22240319e-15  2.79476977e-16  1.46660338e-05
 -1.36916810e-06 -6.81316559e-09  5.90855219e-10]
[ 0.00000000e+00 -6.03945495e-13 -7.41416147e-14  1.78326109e-11
 -7.46269136e-11 -1.22239580e-15  2.79476977e-16  1.46705715e-05
 -1.36920317e-06 -9.11842310e-09  6.61853449e-10]
[ 0.00000000e+00 -6.03995951e-13 -1.28187658e-13  2.87188233e-11
 -7.76119532e-11 -8.26434071e-16  5.41566931e-16  1.47508833e-05
 -1.38028821e-06 -9.11842310e-09  6.61853449e-10]
[ 0.00000000e+00 -8.45603700e-13 -1.28201837e-13  2.87188233e-11
 -7.76167618e-11 -8.26323303e-16  5.41566931e-16  1.47508833e-05
 -1.38025732e-06 -9.11926538e-09  6.61853449e-10]
[ 0.00000000e+00 -9.56180363e-13 -1.35837098e-13  3.38393342e-11
 -7.76167618e-11 -8.26323303e-16  5.41566931e-16  1.47508833e-05
 -1.38025732e-06 -9.11986210e-09  6.61853449e-10]
[ 0.00000000e+00 -6.04069862e-13 -7.41416147e-14  1.78291200e-11
 -7.46356961e-11 -8.26323303e-16  5.41566931e-16  1.47491130e-05
 -1.38037102e-06 -9.11842310e-09  6.61907749e-10]
[ 0.00000000e+00 -8.45603700e-13 -1.28201837e-13  2.87188233e-11
 -7.76126656e-11 -8.26482998e-16  5.41566931e-16  1.47515202e-05
 -1.38025732e-06 -9.11842310e-09  6.61853449e-10]
[ 0.00000000e+00 -6.03947930e-13 -7.41416147e-14  1.78346848e-11
 -7.46367506e-11 -1.22239580e-15  2.79476977e-16  1.46705715e-05
 -1.36921720e-06 -6.81316559e-09  6.61927379e-10]

parents after selection:
parent1 and its probability : [ 0.00000000e+00 -6.03955265e-13 -7.41416147e-14  1.78326109e-11
 -7.46226000e-11 -1.22239580e-15  2.79491849e-16  1.46705715e-05
 -1.36921720e-06 -6.81316559e-09  5.90750008e-10]0.21446568759898998
parent2 and its probability:  [ 0.00000000e+00 -8.45576978e-13 -7.41416147e-14  1.78326109e-11
 -7.46315187e-11 -1.22253022e-15  2.79476977e-16  1.46705715e-05
 -1.36921720e-06 -6.81301627e-09  5.90750008e-10]0.21445141339041465
parents after selection:
parent1 and its probability : [ 0.00000000e+00 -6.03955265e-13 -7.41416147e-14  1.78326109e-11
 -7.46226000e-11 -1.22239580e-15  2.79491849e-16  1.46705715e-05
 -1.36921720e-06 -6.81316559e-09  5.90750008e-10]0.21446568759898998
parent2 and its probability:  [ 0.00000000e+00 -8.45576978e-13 -7.41416147e-14  1.78326109e-11
 -7.46315187e-11 -1.22253022e-15  2.79476977e-16  1.46705715e-05
 -1.36921720e-06 -6.81301627e-09  5.90750008e-10]0.21445141339041465
parents after selection:
parent1 and its probability : [ 0.00000000e+00 -8.45603700e-13 -1.28201837e-13  2.87188233e-11
 -7.76126656e-11 -8.26482998e-16  5.41566931e-16  1.47515202e-05
 -1.38025732e-06 -9.11842310e-09  6.61853449e-10]0.05557842285774574
parent2 and its probability:  [ 0.00000000e+00 -8.45603700e-13 -1.28201837e-13  2.87188233e-11
 -7.76126656e-11 -8.26482998e-16  5.41566931e-16  1.47515202e-05
 -1.38025732e-06 -9.11842310e-09  6.61853449e-10]0.05557842285774574
parents after selection:
parent1 and its probability : [ 0.00000000e+00 -8.45576978e-13 -7.41416147e-14  1.78326109e-11
 -7.46315187e-11 -1.22253022e-15  2.79476977e-16  1.46705715e-05
 -1.36921720e-06 -6.81301627e-09  5.90750008e-10]0.21445141339041465
parent2 and its probability:  [ 0.00000000e+00 -8.45603700e-13 -1.28201837e-13  2.87188233e-11
 -7.76167618e-11 -8.26323303e-16  5.41566931e-16  1.47508833e-05
 -1.38025732e-06 -9.11926538e-09  6.61853449e-10]0.05562056168303794
parents after selection:
parent1 and its probability : [ 0.00000000e+00 -8.45603700e-13 -1.28201837e-13  2.87188233e-11
 -7.76126656e-11 -8.26482998e-16  5.41566931e-16  1.47515202e-05
 -1.38025732e-06 -9.11842310e-09  6.61853449e-10]0.05557842285774574
parent2 and its probability:  [ 0.00000000e+00 -6.03945495e-13 -7.41416147e-14  1.78326109e-11
 -7.46269136e-11 -1.22239580e-15  2.79476977e-16  1.46705715e-05
 -1.36920317e-06 -9.11842310e-09  6.61853449e-10]0.06345961321528858
parents after selection:
parent1 and its probability : [ 0.00000000e+00 -6.03955265e-13 -7.41416147e-14  1.78326109e-11
 -7.46226000e-11 -1.22239580e-15  2.79491849e-16  1.46705715e-05
 -1.36921720e-06 -6.81316559e-09  5.90750008e-10]0.21446568759898998
parent2 and its probability:  [ 0.00000000e+00 -6.04069862e-13 -7.41416147e-14  1.78291200e-11
 -7.46356961e-11 -8.26323303e-16  5.41566931e-16  1.47491130e-05
 -1.38037102e-06 -9.11842310e-09  6.61907749e-10]0.05560572055244467
parents after selection:
parent1 and its probability : [ 0.00000000e+00 -8.45603700e-13 -1.28201837e-13  2.87188233e-11
 -7.76126656e-11 -8.26482998e-16  5.41566931e-16  1.47515202e-05
 -1.38025732e-06 -9.11842310e-09  6.61853449e-10]0.05557842285774574
parent2 and its probability:  [ 0.00000000e+00 -6.03955265e-13 -7.41416147e-14  1.78326109e-11
 -7.46367506e-11 -1.22240319e-15  2.79476977e-16  1.46660338e-05
 -1.36916810e-06 -6.81316559e-09  5.90855219e-10]0.21323824561118457
parents after selection:
parent1 and its probability : [ 0.00000000e+00 -6.03955265e-13 -7.41416147e-14  1.78326109e-11
 -7.46367506e-11 -1.22240319e-15  2.79476977e-16  1.46660338e-05
 -1.36916810e-06 -6.81316559e-09  5.90855219e-10]0.21323824561118457
parent2 and its probability:  [ 0.00000000e+00 -8.45576978e-13 -7.41416147e-14  1.78326109e-11
 -7.46315187e-11 -1.22253022e-15  2.79476977e-16  1.46705715e-05
 -1.36921720e-06 -6.81301627e-09  5.90750008e-10]0.21445141339041465
parents after selection:
parent1 and its probability : [ 0.00000000e+00 -6.03945495e-13 -7.41416147e-14  1.78326109e-11
 -7.46269136e-11 -1.22239580e-15  2.79476977e-16  1.46705715e-05
 -1.36920317e-06 -9.11842310e-09  6.61853449e-10]0.06345961321528858
parent2 and its probability:  [ 0.00000000e+00 -6.03945495e-13 -7.41416147e-14  1.78326109e-11
 -7.46269136e-11 -1.22239580e-15  2.79476977e-16  1.46705715e-05
 -1.36920317e-06 -9.11842310e-09  6.61853449e-10]0.06345961321528858
parents after selection:
parent1 and its probability : [ 0.00000000e+00 -6.03945495e-13 -7.41416147e-14  1.78326109e-11
 -7.46269136e-11 -1.22239580e-15  2.79476977e-16  1.46705715e-05
 -1.36920317e-06 -9.11842310e-09  6.61853449e-10]0.06345961321528858
parent2 and its probability:  [ 0.00000000e+00 -8.45576978e-13 -7.41416147e-14  1.78326109e-11
 -7.46315187e-11 -1.22253022e-15  2.79476977e-16  1.46705715e-05
 -1.36921720e-06 -6.81301627e-09  5.90750008e-10]0.21445141339041465
population after corssover:
[ 0.00000000e+00 -6.03955265e-13 -7.41416147e-14  1.78326109e-11
 -7.46315187e-11 -1.22253022e-15  2.79476977e-16  1.46705715e-05
 -1.36921720e-06 -6.81301627e-09  5.90750008e-10]
[ 0.00000000e+00 -6.03955265e-13 -7.41416147e-14  1.78326109e-11
 -7.46226000e-11 -1.22239580e-15  2.79491849e-16  1.46705715e-05
 -1.36921720e-06 -6.81301627e-09  5.90750008e-10]
[ 0.00000000e+00 -8.45603700e-13 -1.28201837e-13  2.87188233e-11
 -7.76126656e-11 -8.26482998e-16  5.41566931e-16  1.47515202e-05
 -1.38025732e-06 -9.11842310e-09  6.61853449e-10]
[ 0.00000000e+00 -8.45576978e-13 -7.41416147e-14  1.78326109e-11
 -7.46315187e-11 -1.22253022e-15  2.79476977e-16  1.46705715e-05
 -1.36921720e-06 -6.81301627e-09  6.61853449e-10]
[ 0.00000000e+00 -8.45603700e-13 -1.28201837e-13  2.87188233e-11
 -7.76126656e-11 -1.22239580e-15  2.79476977e-16  1.46705715e-05
 -1.36920317e-06 -9.11842310e-09  6.61853449e-10]
[ 0.00000000e+00 -6.03955265e-13 -7.41416147e-14  1.78326109e-11
 -7.46226000e-11 -1.22239580e-15  5.41566931e-16  1.47491130e-05
 -1.38037102e-06 -9.11842310e-09  6.61907749e-10]
[ 0.00000000e+00 -8.45603700e-13 -1.28201837e-13  2.87188233e-11
 -7.46367506e-11 -1.22240319e-15  2.79476977e-16  1.46660338e-05
 -1.36916810e-06 -6.81316559e-09  5.90855219e-10]
[ 0.00000000e+00 -6.03955265e-13 -7.41416147e-14  1.78326109e-11
 -7.46367506e-11 -1.22240319e-15  2.79476977e-16  1.46660338e-05
 -1.36921720e-06 -6.81301627e-09  5.90750008e-10]
[ 0.00000000e+00 -6.03945495e-13 -7.41416147e-14  1.78326109e-11
 -7.46269136e-11 -1.22239580e-15  2.79476977e-16  1.46705715e-05
 -1.36920317e-06 -9.11842310e-09  6.61853449e-10]
[ 0.00000000e+00 -8.45576978e-13 -7.41416147e-14  1.78326109e-11
 -7.46315187e-11 -1.22253022e-15  2.79476977e-16  1.46705715e-05
 -1.36921720e-06 -6.81301627e-09  5.90750008e-10]

population after mutation:
[ 0.00000000e+00 -6.04057007e-13 -7.41416147e-14  1.78326109e-11
 -7.46315187e-11 -1.22253022e-15  2.79476977e-16  1.46705715e-05
 -1.36921720e-06 -6.81301627e-09  5.90812543e-10]
[ 0.00000000e+00 -6.03955265e-13 -7.41298873e-14  1.78356536e-11
 -7.46243143e-11 -1.22239580e-15  2.79491849e-16  1.46713735e-05
 -1.36921720e-06 -6.81301627e-09  5.90750008e-10]
[ 0.00000000e+00 -8.45603700e-13 -1.28201837e-13  2.87149058e-11
 -7.76126656e-11 -8.26417151e-16  5.41566931e-16  1.47515202e-05
 -1.38025732e-06 -9.11842310e-09  6.61807469e-10]
[ 0.00000000e+00 -8.45702117e-13 -7.41416147e-14  1.78326109e-11
 -7.46414289e-11 -1.22253022e-15  2.79476977e-16  1.46705715e-05
 -1.36921720e-06 -6.81301627e-09  6.61853449e-10]
[ 0.00000000e+00 -8.45603700e-13 -1.28201837e-13  2.87188233e-11
 -7.76126656e-11 -1.22239580e-15  2.79476986e-16  1.46715156e-05
 -1.36920317e-06 -9.11842310e-09  6.61853449e-10]
[ 0.00000000e+00 -6.03955265e-13 -7.41416147e-14  1.78326109e-11
 -7.46226000e-11 -1.22239580e-15  5.41566931e-16  1.47492677e-05
 -1.38037102e-06 -9.11842310e-09  6.61907749e-10]
[ 0.00000000e+00 -8.45542782e-13 -1.28201837e-13  2.87188233e-11
 -7.46367506e-11 -1.22240319e-15  2.79476977e-16  1.46660338e-05
 -1.36916810e-06 -6.81316559e-09  5.90846600e-10]
[ 0.00000000e+00 -6.03955265e-13 -7.41416147e-14  1.78330948e-11
 -7.46367506e-11 -1.22240319e-15  2.79476977e-16  1.46660338e-05
 -1.36921720e-06 -6.81301627e-09  5.90739926e-10]
[ 0.00000000e+00 -6.04062508e-13 -7.41416147e-14  1.78326109e-11
 -7.46253595e-11 -1.22220858e-15  2.79421918e-16  1.46705715e-05
 -1.36920317e-06 -9.11842310e-09  6.61853449e-10]
[ 0.00000000e+00 -8.45576978e-13 -7.41416147e-14  1.78341013e-11
 -7.46315187e-11 -1.22255311e-15  2.79476977e-16  1.46705715e-05
 -1.36903397e-06 -6.81301627e-09  5.90750008e-10]


 
 
 
generation 2

initial population:
[ 0.00000000e+00 -6.03955265e-13 -7.41416147e-14  1.78330948e-11
 -7.46367506e-11 -1.22240319e-15  2.79476977e-16  1.46685850e-05
 -1.36921720e-06 -6.81301627e-09  5.90739926e-10]
[ 0.00000000e+00 -6.03955265e-13 -7.41416147e-14  1.78326109e-11
 -7.46226000e-11 -1.22239580e-15  2.79491849e-16  1.46705715e-05
 -1.36921720e-06 -6.81316559e-09  5.90750008e-10]
[ 0.00000000e+00 -8.45576978e-13 -7.41416147e-14  1.78326109e-11
 -7.46315187e-11 -1.22253022e-15  2.79476977e-16  1.46705715e-05
 -1.36921720e-06 -6.81301627e-09  5.90750008e-10]
[ 0.00000000e+00 -6.03955265e-13 -7.41298873e-14  1.78356536e-11
 -7.46148729e-11 -1.22239580e-15  2.79439112e-16  1.46713735e-05
 -1.36921720e-06 -6.81301627e-09  5.90750008e-10]
[ 0.00000000e+00 -6.04057007e-13 -7.41416147e-14  1.78326109e-11
 -7.46315187e-11 -1.22253022e-15  2.79504000e-16  1.46687285e-05
 -1.36921720e-06 -6.81301627e-09  5.90812543e-10]
[ 0.00000000e+00 -8.45401605e-13 -1.28201837e-13  2.87188233e-11
 -7.46367506e-11 -1.22240319e-15  2.79476977e-16  1.46660338e-05
 -1.36916810e-06 -6.81316559e-09  5.90846600e-10]
[ 0.00000000e+00 -8.45576978e-13 -7.41372731e-14  1.78350452e-11
 -7.46315187e-11 -1.22255311e-15  2.79476977e-16  1.46705715e-05
 -1.36903397e-06 -6.81301627e-09  5.90750008e-10]
[ 0.00000000e+00 -6.03955265e-13 -7.41416147e-14  1.78326109e-11
 -7.46367506e-11 -1.22240319e-15  2.79476977e-16  1.46660338e-05
 -1.36916810e-06 -6.81316559e-09  5.90855219e-10]
[ 0.00000000e+00 -6.04044066e-13 -7.41275427e-14  1.78326109e-11
 -7.46167841e-11 -1.22238539e-15  5.41566931e-16  1.47492677e-05
 -1.38037102e-06 -9.11842310e-09  6.61907749e-10]
[ 0.00000000e+00 -6.03845234e-13 -7.41416147e-14  1.78326109e-11
 -7.46269136e-11 -1.22242748e-15  2.79476977e-16  1.46705715e-05
 -1.36920317e-06 -9.11842310e-09  6.61853449e-10]

parents after selection:
parent1 and its probability : [ 0.00000000e+00 -6.03955265e-13 -7.41416147e-14  1.78326109e-11
 -7.46367506e-11 -1.22240319e-15  2.79476977e-16  1.46660338e-05
 -1.36916810e-06 -6.81316559e-09  5.90855219e-10]0.11523263907159477
parent2 and its probability:  [ 0.00000000e+00 -6.03845234e-13 -7.41416147e-14  1.78326109e-11
 -7.46269136e-11 -1.22242748e-15  2.79476977e-16  1.46705715e-05
 -1.36920317e-06 -9.11842310e-09  6.61853449e-10]0.0342939832830828
parents after selection:
parent1 and its probability : [ 0.00000000e+00 -6.03955265e-13 -7.41416147e-14  1.78330948e-11
 -7.46367506e-11 -1.22240319e-15  2.79476977e-16  1.46685850e-05
 -1.36921720e-06 -6.81301627e-09  5.90739926e-10]0.11609449099870905
parent2 and its probability:  [ 0.00000000e+00 -8.45576978e-13 -7.41416147e-14  1.78326109e-11
 -7.46315187e-11 -1.22253022e-15  2.79476977e-16  1.46705715e-05
 -1.36921720e-06 -6.81301627e-09  5.90750008e-10]0.11588822749306497
parents after selection:
parent1 and its probability : [ 0.00000000e+00 -6.03955265e-13 -7.41416147e-14  1.78330948e-11
 -7.46367506e-11 -1.22240319e-15  2.79476977e-16  1.46685850e-05
 -1.36921720e-06 -6.81301627e-09  5.90739926e-10]0.11609449099870905
parent2 and its probability:  [ 0.00000000e+00 -6.04057007e-13 -7.41416147e-14  1.78326109e-11
 -7.46315187e-11 -1.22253022e-15  2.79504000e-16  1.46687285e-05
 -1.36921720e-06 -6.81301627e-09  5.90812543e-10]0.11553140067437982
parents after selection:
parent1 and its probability : [ 0.00000000e+00 -6.03955265e-13 -7.41416147e-14  1.78326109e-11
 -7.46226000e-11 -1.22239580e-15  2.79491849e-16  1.46705715e-05
 -1.36921720e-06 -6.81316559e-09  5.90750008e-10]0.11589594118776396
parent2 and its probability:  [ 0.00000000e+00 -6.04057007e-13 -7.41416147e-14  1.78326109e-11
 -7.46315187e-11 -1.22253022e-15  2.79504000e-16  1.46687285e-05
 -1.36921720e-06 -6.81301627e-09  5.90812543e-10]0.11553140067437982
parents after selection:
parent1 and its probability : [ 0.00000000e+00 -6.03955265e-13 -7.41298873e-14  1.78356536e-11
 -7.46148729e-11 -1.22239580e-15  2.79439112e-16  1.46713735e-05
 -1.36921720e-06 -6.81301627e-09  5.90750008e-10]0.11581384493276362
parent2 and its probability:  [ 0.00000000e+00 -6.04057007e-13 -7.41416147e-14  1.78326109e-11
 -7.46315187e-11 -1.22253022e-15  2.79504000e-16  1.46687285e-05
 -1.36921720e-06 -6.81301627e-09  5.90812543e-10]0.11553140067437982
parents after selection:
parent1 and its probability : [ 0.00000000e+00 -6.04057007e-13 -7.41416147e-14  1.78326109e-11
 -7.46315187e-11 -1.22253022e-15  2.79504000e-16  1.46687285e-05
 -1.36921720e-06 -6.81301627e-09  5.90812543e-10]0.11553140067437982
parent2 and its probability:  [ 0.00000000e+00 -8.45401605e-13 -1.28201837e-13  2.87188233e-11
 -7.46367506e-11 -1.22240319e-15  2.79476977e-16  1.46660338e-05
 -1.36916810e-06 -6.81316559e-09  5.90846600e-10]0.11529969662683683
parents after selection:
parent1 and its probability : [ 0.00000000e+00 -6.03955265e-13 -7.41416147e-14  1.78326109e-11
 -7.46367506e-11 -1.22240319e-15  2.79476977e-16  1.46660338e-05
 -1.36916810e-06 -6.81316559e-09  5.90855219e-10]0.11523263907159477
parent2 and its probability:  [ 0.00000000e+00 -6.03955265e-13 -7.41416147e-14  1.78326109e-11
 -7.46226000e-11 -1.22239580e-15  2.79491849e-16  1.46705715e-05
 -1.36921720e-06 -6.81316559e-09  5.90750008e-10]0.11589594118776396
parents after selection:
parent1 and its probability : [ 0.00000000e+00 -6.03955265e-13 -7.41416147e-14  1.78326109e-11
 -7.46226000e-11 -1.22239580e-15  2.79491849e-16  1.46705715e-05
 -1.36921720e-06 -6.81316559e-09  5.90750008e-10]0.11589594118776396
parent2 and its probability:  [ 0.00000000e+00 -6.03955265e-13 -7.41416147e-14  1.78326109e-11
 -7.46226000e-11 -1.22239580e-15  2.79491849e-16  1.46705715e-05
 -1.36921720e-06 -6.81316559e-09  5.90750008e-10]0.11589594118776396
parents after selection:
parent1 and its probability : [ 0.00000000e+00 -6.03955265e-13 -7.41298873e-14  1.78356536e-11
 -7.46148729e-11 -1.22239580e-15  2.79439112e-16  1.46713735e-05
 -1.36921720e-06 -6.81301627e-09  5.90750008e-10]0.11581384493276362
parent2 and its probability:  [ 0.00000000e+00 -6.03955265e-13 -7.41416147e-14  1.78326109e-11
 -7.46226000e-11 -1.22239580e-15  2.79491849e-16  1.46705715e-05
 -1.36921720e-06 -6.81316559e-09  5.90750008e-10]0.11589594118776396
parents after selection:
parent1 and its probability : [ 0.00000000e+00 -6.03955265e-13 -7.41416147e-14  1.78326109e-11
 -7.46226000e-11 -1.22239580e-15  2.79491849e-16  1.46705715e-05
 -1.36921720e-06 -6.81316559e-09  5.90750008e-10]0.11589594118776396
parent2 and its probability:  [ 0.00000000e+00 -6.03845234e-13 -7.41416147e-14  1.78326109e-11
 -7.46269136e-11 -1.22242748e-15  2.79476977e-16  1.46705715e-05
 -1.36920317e-06 -9.11842310e-09  6.61853449e-10]0.0342939832830828
population after corssover:
[ 0.00000000e+00 -6.03955265e-13 -7.41416147e-14  1.78326109e-11
 -7.46367506e-11 -1.22240319e-15  2.79476977e-16  1.46660338e-05
 -1.36916810e-06 -6.81316559e-09  6.61853449e-10]
[ 0.00000000e+00 -6.03955265e-13 -7.41416147e-14  1.78326109e-11
 -7.46315187e-11 -1.22253022e-15  2.79476977e-16  1.46705715e-05
 -1.36921720e-06 -6.81301627e-09  5.90750008e-10]
[ 0.00000000e+00 -6.03955265e-13 -7.41416147e-14  1.78330948e-11
 -7.46367506e-11 -1.22253022e-15  2.79504000e-16  1.46687285e-05
 -1.36921720e-06 -6.81301627e-09  5.90812543e-10]
[ 0.00000000e+00 -6.03955265e-13 -7.41416147e-14  1.78326109e-11
 -7.46315187e-11 -1.22253022e-15  2.79504000e-16  1.46687285e-05
 -1.36921720e-06 -6.81301627e-09  5.90812543e-10]
[ 0.00000000e+00 -6.03955265e-13 -7.41416147e-14  1.78326109e-11
 -7.46315187e-11 -1.22253022e-15  2.79504000e-16  1.46687285e-05
 -1.36921720e-06 -6.81301627e-09  5.90812543e-10]
[ 0.00000000e+00 -6.04057007e-13 -7.41416147e-14  1.78326109e-11
 -7.46315187e-11 -1.22253022e-15  2.79504000e-16  1.46687285e-05
 -1.36921720e-06 -6.81316559e-09  5.90846600e-10]
[ 0.00000000e+00 -6.03955265e-13 -7.41416147e-14  1.78326109e-11
 -7.46226000e-11 -1.22239580e-15  2.79491849e-16  1.46705715e-05
 -1.36921720e-06 -6.81316559e-09  5.90750008e-10]
[ 0.00000000e+00 -6.03955265e-13 -7.41416147e-14  1.78326109e-11
 -7.46226000e-11 -1.22239580e-15  2.79491849e-16  1.46705715e-05
 -1.36921720e-06 -6.81316559e-09  5.90750008e-10]
[ 0.00000000e+00 -6.03955265e-13 -7.41298873e-14  1.78356536e-11
 -7.46148729e-11 -1.22239580e-15  2.79439112e-16  1.46713735e-05
 -1.36921720e-06 -6.81301627e-09  5.90750008e-10]
[ 0.00000000e+00 -6.03955265e-13 -7.41416147e-14  1.78326109e-11
 -7.46269136e-11 -1.22242748e-15  2.79476977e-16  1.46705715e-05
 -1.36920317e-06 -9.11842310e-09  6.61853449e-10]

population after mutation:
[ 0.00000000e+00 -6.03955265e-13 -7.41416147e-14  1.78312865e-11
 -7.46367506e-11 -1.22264677e-15  2.79483110e-16  1.46660338e-05
 -1.36916810e-06 -6.81353520e-09  6.61853449e-10]
[ 0.00000000e+00 -6.03955265e-13 -7.41416147e-14  1.78326109e-11
 -7.46315187e-11 -1.22253022e-15  2.79476977e-16  1.46705715e-05
 -1.36925567e-06 -6.81206688e-09  5.90750008e-10]
[ 0.00000000e+00 -6.03955265e-13 -7.41393168e-14  1.78330948e-11
 -7.46367506e-11 -1.22253022e-15  2.79504000e-16  1.46687285e-05
 -1.36921720e-06 -6.81301627e-09  5.90871867e-10]
[ 0.00000000e+00 -6.03854657e-13 -7.41416147e-14  1.78326109e-11
 -7.46315187e-11 -1.22253022e-15  2.79511095e-16  1.46687285e-05
 -1.36921720e-06 -6.81301627e-09  5.90875059e-10]
[ 0.00000000e+00 -6.03955265e-13 -7.41416147e-14  1.78326109e-11
 -7.46315187e-11 -1.22231390e-15  2.79504000e-16  1.46687285e-05
 -1.36917716e-06 -6.81301627e-09  5.90812543e-10]
[ 0.00000000e+00 -6.04057007e-13 -7.41416147e-14  1.78297353e-11
 -7.46315187e-11 -1.22253022e-15  2.79538302e-16  1.46687285e-05
 -1.36921720e-06 -6.81316559e-09  5.90846600e-10]
[ 0.00000000e+00 -6.03955265e-13 -7.41416147e-14  1.78326109e-11
 -7.46226000e-11 -1.22239580e-15  2.79491849e-16  1.46705715e-05
 -1.36921720e-06 -6.81316559e-09  5.90750008e-10]
[ 0.00000000e+00 -6.03955265e-13 -7.41416147e-14  1.78318449e-11
 -7.46226000e-11 -1.22225407e-15  2.79491849e-16  1.46705715e-05
 -1.36921720e-06 -6.81316559e-09  5.90750008e-10]
[ 0.00000000e+00 -6.03955265e-13 -7.41298873e-14  1.78356536e-11
 -7.46148729e-11 -1.22239580e-15  2.79491129e-16  1.46713735e-05
 -1.36921720e-06 -6.81301627e-09  5.90750008e-10]
[ 0.00000000e+00 -6.03955265e-13 -7.41416147e-14  1.78326109e-11
 -7.46269136e-11 -1.22242748e-15  2.79476977e-16  1.46705715e-05
 -1.36920317e-06 -9.11842310e-09  6.61853449e-10]


 
 
 
generation 2

initial population:
[ 0.00000000e+00 -6.03955265e-13 -7.41416147e-14  1.78330948e-11
 -7.46367506e-11 -1.22240319e-15  2.79476977e-16  1.46685850e-05
 -1.36921720e-06 -6.81301627e-09  5.90739926e-10]
[ 0.00000000e+00 -6.03955265e-13 -7.41416147e-14  1.78326109e-11
 -7.46226000e-11 -1.22239580e-15  2.79491849e-16  1.46705715e-05
 -1.36898050e-06 -6.81316559e-09  5.90750008e-10]
[ 0.00000000e+00 -6.03970426e-13 -7.41482093e-14  1.78326109e-11
 -7.46371441e-11 -1.22239580e-15  2.79491849e-16  1.46678944e-05
 -1.36921720e-06 -6.81316559e-09  5.90750008e-10]
[ 0.00000000e+00 -8.45576978e-13 -7.41416147e-14  1.78326109e-11
 -7.46315187e-11 -1.22253022e-15  2.79476977e-16  1.46693969e-05
 -1.36921720e-06 -6.81373723e-09  5.90750008e-10]
[ 0.00000000e+00 -6.03944743e-13 -7.41531337e-14  1.78318449e-11
 -7.46218499e-11 -1.22206478e-15  2.79491849e-16  1.46705715e-05
 -1.36921720e-06 -6.81316559e-09  5.90750008e-10]
[ 0.00000000e+00 -6.03955265e-13 -7.41416147e-14  1.78326109e-11
 -7.46315187e-11 -1.22253022e-15  2.79476977e-16  1.46705715e-05
 -1.36925567e-06 -6.81155455e-09  5.90818845e-10]
[ 0.00000000e+00 -6.03955265e-13 -7.41298873e-14  1.78356536e-11
 -7.46148729e-11 -1.22239580e-15  2.79439112e-16  1.46713735e-05
 -1.36921720e-06 -6.81204650e-09  5.90750008e-10]
[ 0.00000000e+00 -6.03955265e-13 -7.41298873e-14  1.78356536e-11
 -7.46148729e-11 -1.22239580e-15  2.79483222e-16  1.46713735e-05
 -1.36921720e-06 -6.81301627e-09  5.90750008e-10]
[ 0.00000000e+00 -6.03975138e-13 -7.41416147e-14  1.78326109e-11
 -7.46391703e-11 -1.22233929e-15  2.79504000e-16  1.46687285e-05
 -1.36921720e-06 -6.81301627e-09  5.90812543e-10]
[ 0.00000000e+00 -6.03969726e-13 -7.41416147e-14  1.78326109e-11
 -7.46399067e-11 -1.22231390e-15  2.79557633e-16  1.46687285e-05
 -1.36917716e-06 -6.81301627e-09  5.90812543e-10]

parents after selection:
parent1 and its probability : [ 0.00000000e+00 -6.03955265e-13 -7.41416147e-14  1.78326109e-11
 -7.46315187e-11 -1.22253022e-15  2.79476977e-16  1.46705715e-05
 -1.36925567e-06 -6.81155455e-09  5.90818845e-10]0.0996223968546263
parent2 and its probability:  [ 0.00000000e+00 -6.03944743e-13 -7.41531337e-14  1.78318449e-11
 -7.46218499e-11 -1.22206478e-15  2.79491849e-16  1.46705715e-05
 -1.36921720e-06 -6.81316559e-09  5.90750008e-10]0.10015057759823703
parents after selection:
parent1 and its probability : [ 0.00000000e+00 -6.03955265e-13 -7.41298873e-14  1.78356536e-11
 -7.46148729e-11 -1.22239580e-15  2.79439112e-16  1.46713735e-05
 -1.36921720e-06 -6.81204650e-09  5.90750008e-10]0.0999781688470974
parent2 and its probability:  [ 0.00000000e+00 -6.03955265e-13 -7.41416147e-14  1.78330948e-11
 -7.46367506e-11 -1.22240319e-15  2.79476977e-16  1.46685850e-05
 -1.36921720e-06 -6.81301627e-09  5.90739926e-10]0.10035787924041414
parents after selection:
parent1 and its probability : [ 0.00000000e+00 -6.03955265e-13 -7.41416147e-14  1.78326109e-11
 -7.46226000e-11 -1.22239580e-15  2.79491849e-16  1.46705715e-05
 -1.36898050e-06 -6.81316559e-09  5.90750008e-10]0.09948754739155094
parent2 and its probability:  [ 0.00000000e+00 -8.45576978e-13 -7.41416147e-14  1.78326109e-11
 -7.46315187e-11 -1.22253022e-15  2.79476977e-16  1.46693969e-05
 -1.36921720e-06 -6.81373723e-09  5.90750008e-10]0.10035490942243518
parents after selection:
parent1 and its probability : [ 0.00000000e+00 -6.03970426e-13 -7.41482093e-14  1.78326109e-11
 -7.46371441e-11 -1.22239580e-15  2.79491849e-16  1.46678944e-05
 -1.36921720e-06 -6.81316559e-09  5.90750008e-10]0.1003528493200243
parent2 and its probability:  [ 0.00000000e+00 -6.03955265e-13 -7.41298873e-14  1.78356536e-11
 -7.46148729e-11 -1.22239580e-15  2.79439112e-16  1.46713735e-05
 -1.36921720e-06 -6.81204650e-09  5.90750008e-10]0.0999781688470974
parents after selection:
parent1 and its probability : [ 0.00000000e+00 -6.03969726e-13 -7.41416147e-14  1.78326109e-11
 -7.46399067e-11 -1.22231390e-15  2.79557633e-16  1.46687285e-05
 -1.36917716e-06 -6.81301627e-09  5.90812543e-10]0.09972977560827095
parent2 and its probability:  [ 0.00000000e+00 -6.03955265e-13 -7.41298873e-14  1.78356536e-11
 -7.46148729e-11 -1.22239580e-15  2.79483222e-16  1.46713735e-05
 -1.36921720e-06 -6.81301627e-09  5.90750008e-10]0.10011527475717676
parents after selection:
parent1 and its probability : [ 0.00000000e+00 -6.03955265e-13 -7.41416147e-14  1.78326109e-11
 -7.46226000e-11 -1.22239580e-15  2.79491849e-16  1.46705715e-05
 -1.36898050e-06 -6.81316559e-09  5.90750008e-10]0.09948754739155094
parent2 and its probability:  [ 0.00000000e+00 -8.45576978e-13 -7.41416147e-14  1.78326109e-11
 -7.46315187e-11 -1.22253022e-15  2.79476977e-16  1.46693969e-05
 -1.36921720e-06 -6.81373723e-09  5.90750008e-10]0.10035490942243518
parents after selection:
parent1 and its probability : [ 0.00000000e+00 -6.03955265e-13 -7.41298873e-14  1.78356536e-11
 -7.46148729e-11 -1.22239580e-15  2.79483222e-16  1.46713735e-05
 -1.36921720e-06 -6.81301627e-09  5.90750008e-10]0.10011527475717676
parent2 and its probability:  [ 0.00000000e+00 -6.03955265e-13 -7.41298873e-14  1.78356536e-11
 -7.46148729e-11 -1.22239580e-15  2.79439112e-16  1.46713735e-05
 -1.36921720e-06 -6.81204650e-09  5.90750008e-10]0.0999781688470974
parents after selection:
parent1 and its probability : [ 0.00000000e+00 -6.03955265e-13 -7.41416147e-14  1.78326109e-11
 -7.46315187e-11 -1.22253022e-15  2.79476977e-16  1.46705715e-05
 -1.36925567e-06 -6.81155455e-09  5.90818845e-10]0.0996223968546263
parent2 and its probability:  [ 0.00000000e+00 -6.03955265e-13 -7.41416147e-14  1.78326109e-11
 -7.46226000e-11 -1.22239580e-15  2.79491849e-16  1.46705715e-05
 -1.36898050e-06 -6.81316559e-09  5.90750008e-10]0.09948754739155094
parents after selection:
parent1 and its probability : [ 0.00000000e+00 -6.03969726e-13 -7.41416147e-14  1.78326109e-11
 -7.46399067e-11 -1.22231390e-15  2.79557633e-16  1.46687285e-05
 -1.36917716e-06 -6.81301627e-09  5.90812543e-10]0.09972977560827095
parent2 and its probability:  [ 0.00000000e+00 -8.45576978e-13 -7.41416147e-14  1.78326109e-11
 -7.46315187e-11 -1.22253022e-15  2.79476977e-16  1.46693969e-05
 -1.36921720e-06 -6.81373723e-09  5.90750008e-10]0.10035490942243518
parents after selection:
parent1 and its probability : [ 0.00000000e+00 -6.03970426e-13 -7.41482093e-14  1.78326109e-11
 -7.46371441e-11 -1.22239580e-15  2.79491849e-16  1.46678944e-05
 -1.36921720e-06 -6.81316559e-09  5.90750008e-10]0.1003528493200243
parent2 and its probability:  [ 0.00000000e+00 -6.03955265e-13 -7.41416147e-14  1.78326109e-11
 -7.46226000e-11 -1.22239580e-15  2.79491849e-16  1.46705715e-05
 -1.36898050e-06 -6.81316559e-09  5.90750008e-10]0.09948754739155094
population after corssover:
[ 0.00000000e+00 -6.03955265e-13 -7.41531337e-14  1.78318449e-11
 -7.46218499e-11 -1.22206478e-15  2.79491849e-16  1.46705715e-05
 -1.36921720e-06 -6.81316559e-09  5.90750008e-10]
[ 0.00000000e+00 -6.03955265e-13 -7.41298873e-14  1.78356536e-11
 -7.46148729e-11 -1.22239580e-15  2.79476977e-16  1.46685850e-05
 -1.36921720e-06 -6.81301627e-09  5.90739926e-10]
[ 0.00000000e+00 -6.03955265e-13 -7.41416147e-14  1.78326109e-11
 -7.46315187e-11 -1.22253022e-15  2.79476977e-16  1.46693969e-05
 -1.36921720e-06 -6.81373723e-09  5.90750008e-10]
[ 0.00000000e+00 -6.03970426e-13 -7.41482093e-14  1.78356536e-11
 -7.46148729e-11 -1.22239580e-15  2.79439112e-16  1.46713735e-05
 -1.36921720e-06 -6.81204650e-09  5.90750008e-10]
[ 0.00000000e+00 -6.03969726e-13 -7.41416147e-14  1.78326109e-11
 -7.46399067e-11 -1.22231390e-15  2.79557633e-16  1.46687285e-05
 -1.36917716e-06 -6.81301627e-09  5.90750008e-10]
[ 0.00000000e+00 -6.03955265e-13 -7.41416147e-14  1.78326109e-11
 -7.46226000e-11 -1.22239580e-15  2.79491849e-16  1.46705715e-05
 -1.36921720e-06 -6.81373723e-09  5.90750008e-10]
[ 0.00000000e+00 -6.03955265e-13 -7.41298873e-14  1.78356536e-11
 -7.46148729e-11 -1.22239580e-15  2.79483222e-16  1.46713735e-05
 -1.36921720e-06 -6.81204650e-09  5.90750008e-10]
[ 0.00000000e+00 -6.03955265e-13 -7.41416147e-14  1.78326109e-11
 -7.46226000e-11 -1.22239580e-15  2.79491849e-16  1.46705715e-05
 -1.36898050e-06 -6.81316559e-09  5.90750008e-10]
[ 0.00000000e+00 -6.03969726e-13 -7.41416147e-14  1.78326109e-11
 -7.46399067e-11 -1.22231390e-15  2.79557633e-16  1.46687285e-05
 -1.36917716e-06 -6.81373723e-09  5.90750008e-10]
[ 0.00000000e+00 -6.03970426e-13 -7.41482093e-14  1.78326109e-11
 -7.46371441e-11 -1.22239580e-15  2.79491849e-16  1.46705715e-05
 -1.36898050e-06 -6.81316559e-09  5.90750008e-10]

population after mutation:
[ 0.00000000e+00 -6.04005070e-13 -7.41531337e-14  1.78318449e-11
 -7.46250471e-11 -1.22206478e-15  2.79491849e-16  1.46705715e-05
 -1.36921720e-06 -6.81316559e-09  5.90750008e-10]
[ 0.00000000e+00 -6.03896341e-13 -7.41298873e-14  1.78356536e-11
 -7.46148729e-11 -1.22256065e-15  2.79476977e-16  1.46685850e-05
 -1.36921720e-06 -6.81301627e-09  5.90725652e-10]
[ 0.00000000e+00 -6.03955265e-13 -7.41416147e-14  1.78347802e-11
 -7.46421225e-11 -1.22253022e-15  2.79476977e-16  1.46693969e-05
 -1.36921720e-06 -6.81254100e-09  5.90750008e-10]
[ 0.00000000e+00 -6.03970426e-13 -7.41482093e-14  1.78356536e-11
 -7.46148729e-11 -1.22239580e-15  2.79439112e-16  1.46713735e-05
 -1.36921720e-06 -6.81204650e-09  5.90750008e-10]
[ 0.00000000e+00 -6.03969726e-13 -7.41416147e-14  1.78326109e-11
 -7.46399067e-11 -1.22231390e-15  2.79557633e-16  1.46687285e-05
 -1.36917716e-06 -6.81301627e-09  5.90843273e-10]
[ 0.00000000e+00 -6.03955265e-13 -7.41416147e-14  1.78326109e-11
 -7.46226000e-11 -1.22239580e-15  2.79491849e-16  1.46731356e-05
 -1.36921720e-06 -6.81373723e-09  5.90750008e-10]
[ 0.00000000e+00 -6.03955265e-13 -7.41298873e-14  1.78356536e-11
 -7.46148729e-11 -1.22239580e-15  2.79483222e-16  1.46713735e-05
 -1.36912141e-06 -6.81204650e-09  5.90750008e-10]
[ 0.00000000e+00 -6.03955265e-13 -7.41530542e-14  1.78326109e-11
 -7.46226000e-11 -1.22239580e-15  2.79491849e-16  1.46705715e-05
 -1.36898050e-06 -6.81316559e-09  5.90750008e-10]
[ 0.00000000e+00 -6.03969726e-13 -7.41416147e-14  1.78326109e-11
 -7.46399067e-11 -1.22231390e-15  2.79540507e-16  1.46687285e-05
 -1.36904556e-06 -6.81373723e-09  5.90790829e-10]
[ 0.00000000e+00 -6.03970426e-13 -7.41482093e-14  1.78352749e-11
 -7.46371441e-11 -1.22239580e-15  2.79491849e-16  1.46710089e-05
 -1.36898050e-06 -6.81316559e-09  5.90750008e-10]


 
 
 
generation 2

initial population:
[ 0.00000000e+00 -6.03896341e-13 -7.41298873e-14  1.78337301e-11
 -7.46148729e-11 -1.22256065e-15  2.79476977e-16  1.46685850e-05
 -1.36894792e-06 -6.81301627e-09  5.90725652e-10]
[ 0.00000000e+00 -6.03955265e-13 -7.41416147e-14  1.78330948e-11
 -7.46367506e-11 -1.22240319e-15  2.79439007e-16  1.46685850e-05
 -1.36921720e-06 -6.81326113e-09  5.90739926e-10]
[ 0.00000000e+00 -8.45576978e-13 -7.41416147e-14  1.78326109e-11
 -7.46315187e-11 -1.22253022e-15  2.79476977e-16  1.46693969e-05
 -1.36921720e-06 -6.81373723e-09  5.90750008e-10]
[ 0.00000000e+00 -6.03970426e-13 -7.41413576e-14  1.78326109e-11
 -7.46371441e-11 -1.22239580e-15  2.79491849e-16  1.46678944e-05
 -1.36921720e-06 -6.81316559e-09  5.90750008e-10]
[ 0.00000000e+00 -6.03955265e-13 -7.41416147e-14  1.78347802e-11
 -7.46421225e-11 -1.22253022e-15  2.79476977e-16  1.46693969e-05
 -1.36921720e-06 -6.81254100e-09  5.90684353e-10]
[ 0.00000000e+00 -6.04115403e-13 -7.41531337e-14  1.78318449e-11
 -7.46250471e-11 -1.22206478e-15  2.79491849e-16  1.46711562e-05
 -1.36921720e-06 -6.81316559e-09  5.90750008e-10]
[ 0.00000000e+00 -6.03944743e-13 -7.41531337e-14  1.78318449e-11
 -7.46154592e-11 -1.22206478e-15  2.79491849e-16  1.46705715e-05
 -1.36942000e-06 -6.81239463e-09  5.90750008e-10]
[ 0.00000000e+00 -6.03887784e-13 -7.41298873e-14  1.78356536e-11
 -7.46148729e-11 -1.22238191e-15  2.79498605e-16  1.46713735e-05
 -1.36921720e-06 -6.81411083e-09  5.90750008e-10]
[ 0.00000000e+00 -6.03955265e-13 -7.41416147e-14  1.78326109e-11
 -7.46226000e-11 -1.22239580e-15  2.79491849e-16  1.46731356e-05
 -1.36921720e-06 -6.81373723e-09  5.90750008e-10]
[ 0.00000000e+00 -6.03955265e-13 -7.41298873e-14  1.78356536e-11
 -7.46070774e-11 -1.22239580e-15  2.79439112e-16  1.46713735e-05
 -1.36898133e-06 -6.81204650e-09  5.90750008e-10]

parents after selection:
parent1 and its probability : [ 0.00000000e+00 -6.03955265e-13 -7.41416147e-14  1.78326109e-11
 -7.46226000e-11 -1.22239580e-15  2.79491849e-16  1.46731356e-05
 -1.36921720e-06 -6.81373723e-09  5.90750008e-10]0.09992544971672769
parent2 and its probability:  [ 0.00000000e+00 -6.03955265e-13 -7.41416147e-14  1.78326109e-11
 -7.46226000e-11 -1.22239580e-15  2.79491849e-16  1.46731356e-05
 -1.36921720e-06 -6.81373723e-09  5.90750008e-10]0.09992544971672769
parents after selection:
parent1 and its probability : [ 0.00000000e+00 -6.03955265e-13 -7.41416147e-14  1.78326109e-11
 -7.46226000e-11 -1.22239580e-15  2.79491849e-16  1.46731356e-05
 -1.36921720e-06 -6.81373723e-09  5.90750008e-10]0.09992544971672769
parent2 and its probability:  [ 0.00000000e+00 -6.03896341e-13 -7.41298873e-14  1.78337301e-11
 -7.46148729e-11 -1.22256065e-15  2.79476977e-16  1.46685850e-05
 -1.36894792e-06 -6.81301627e-09  5.90725652e-10]0.09949283468790884
parents after selection:
parent1 and its probability : [ 0.00000000e+00 -8.45576978e-13 -7.41416147e-14  1.78326109e-11
 -7.46315187e-11 -1.22253022e-15  2.79476977e-16  1.46693969e-05
 -1.36921720e-06 -6.81373723e-09  5.90750008e-10]0.10017203881334613
parent2 and its probability:  [ 0.00000000e+00 -6.03955265e-13 -7.41416147e-14  1.78326109e-11
 -7.46226000e-11 -1.22239580e-15  2.79491849e-16  1.46731356e-05
 -1.36921720e-06 -6.81373723e-09  5.90750008e-10]0.09992544971672769
parents after selection:
parent1 and its probability : [ 0.00000000e+00 -6.03955265e-13 -7.41298873e-14  1.78356536e-11
 -7.46070774e-11 -1.22239580e-15  2.79439112e-16  1.46713735e-05
 -1.36898133e-06 -6.81204650e-09  5.90750008e-10]0.0991030007953691
parent2 and its probability:  [ 0.00000000e+00 -6.03955265e-13 -7.41298873e-14  1.78356536e-11
 -7.46070774e-11 -1.22239580e-15  2.79439112e-16  1.46713735e-05
 -1.36898133e-06 -6.81204650e-09  5.90750008e-10]0.0991030007953691
parents after selection:
parent1 and its probability : [ 0.00000000e+00 -6.03896341e-13 -7.41298873e-14  1.78337301e-11
 -7.46148729e-11 -1.22256065e-15  2.79476977e-16  1.46685850e-05
 -1.36894792e-06 -6.81301627e-09  5.90725652e-10]0.09949283468790884
parent2 and its probability:  [ 0.00000000e+00 -6.03955265e-13 -7.41416147e-14  1.78347802e-11
 -7.46421225e-11 -1.22253022e-15  2.79476977e-16  1.46693969e-05
 -1.36921720e-06 -6.81254100e-09  5.90684353e-10]0.10044807047877616
parents after selection:
parent1 and its probability : [ 0.00000000e+00 -6.03955265e-13 -7.41416147e-14  1.78347802e-11
 -7.46421225e-11 -1.22253022e-15  2.79476977e-16  1.46693969e-05
 -1.36921720e-06 -6.81254100e-09  5.90684353e-10]0.10044807047877616
parent2 and its probability:  [ 0.00000000e+00 -6.03955265e-13 -7.41416147e-14  1.78330948e-11
 -7.46367506e-11 -1.22240319e-15  2.79439007e-16  1.46685850e-05
 -1.36921720e-06 -6.81326113e-09  5.90739926e-10]0.10020971560629781
parents after selection:
parent1 and its probability : [ 0.00000000e+00 -6.03970426e-13 -7.41413576e-14  1.78326109e-11
 -7.46371441e-11 -1.22239580e-15  2.79491849e-16  1.46678944e-05
 -1.36921720e-06 -6.81316559e-09  5.90750008e-10]0.1001699824649338
parent2 and its probability:  [ 0.00000000e+00 -6.03955265e-13 -7.41298873e-14  1.78356536e-11
 -7.46070774e-11 -1.22239580e-15  2.79439112e-16  1.46713735e-05
 -1.36898133e-06 -6.81204650e-09  5.90750008e-10]0.0991030007953691
parents after selection:
parent1 and its probability : [ 0.00000000e+00 -6.03970426e-13 -7.41413576e-14  1.78326109e-11
 -7.46371441e-11 -1.22239580e-15  2.79491849e-16  1.46678944e-05
 -1.36921720e-06 -6.81316559e-09  5.90750008e-10]0.1001699824649338
parent2 and its probability:  [ 0.00000000e+00 -6.04115403e-13 -7.41531337e-14  1.78318449e-11
 -7.46250471e-11 -1.22206478e-15  2.79491849e-16  1.46711562e-05
 -1.36921720e-06 -6.81316559e-09  5.90750008e-10]0.09993182806762085
parents after selection:
parent1 and its probability : [ 0.00000000e+00 -6.04115403e-13 -7.41531337e-14  1.78318449e-11
 -7.46250471e-11 -1.22206478e-15  2.79491849e-16  1.46711562e-05
 -1.36921720e-06 -6.81316559e-09  5.90750008e-10]0.09993182806762085
parent2 and its probability:  [ 0.00000000e+00 -6.03887784e-13 -7.41298873e-14  1.78356536e-11
 -7.46148729e-11 -1.22238191e-15  2.79498605e-16  1.46713735e-05
 -1.36921720e-06 -6.81411083e-09  5.90750008e-10]0.10008612335262593
parents after selection:
parent1 and its probability : [ 0.00000000e+00 -6.03955265e-13 -7.41416147e-14  1.78326109e-11
 -7.46226000e-11 -1.22239580e-15  2.79491849e-16  1.46731356e-05
 -1.36921720e-06 -6.81373723e-09  5.90750008e-10]0.09992544971672769
parent2 and its probability:  [ 0.00000000e+00 -6.03896341e-13 -7.41298873e-14  1.78337301e-11
 -7.46148729e-11 -1.22256065e-15  2.79476977e-16  1.46685850e-05
 -1.36894792e-06 -6.81301627e-09  5.90725652e-10]0.09949283468790884
population after corssover:
[ 0.00000000e+00 -6.03955265e-13 -7.41416147e-14  1.78326109e-11
 -7.46226000e-11 -1.22239580e-15  2.79491849e-16  1.46731356e-05
 -1.36921720e-06 -6.81373723e-09  5.90750008e-10]
[ 0.00000000e+00 -6.03955265e-13 -7.41416147e-14  1.78326109e-11
 -7.46148729e-11 -1.22256065e-15  2.79476977e-16  1.46685850e-05
 -1.36894792e-06 -6.81301627e-09  5.90725652e-10]
[ 0.00000000e+00 -8.45576978e-13 -7.41416147e-14  1.78326109e-11
 -7.46226000e-11 -1.22239580e-15  2.79491849e-16  1.46731356e-05
 -1.36921720e-06 -6.81373723e-09  5.90750008e-10]
[ 0.00000000e+00 -6.03955265e-13 -7.41298873e-14  1.78356536e-11
 -7.46070774e-11 -1.22239580e-15  2.79439112e-16  1.46713735e-05
 -1.36898133e-06 -6.81204650e-09  5.90750008e-10]
[ 0.00000000e+00 -6.03896341e-13 -7.41298873e-14  1.78337301e-11
 -7.46148729e-11 -1.22256065e-15  2.79476977e-16  1.46685850e-05
 -1.36921720e-06 -6.81254100e-09  5.90684353e-10]
[ 0.00000000e+00 -6.03955265e-13 -7.41416147e-14  1.78347802e-11
 -7.46421225e-11 -1.22253022e-15  2.79476977e-16  1.46693969e-05
 -1.36921720e-06 -6.81254100e-09  5.90739926e-10]
[ 0.00000000e+00 -6.03970426e-13 -7.41413576e-14  1.78326109e-11
 -7.46371441e-11 -1.22239580e-15  2.79439112e-16  1.46713735e-05
 -1.36898133e-06 -6.81204650e-09  5.90750008e-10]
[ 0.00000000e+00 -6.03970426e-13 -7.41413576e-14  1.78326109e-11
 -7.46371441e-11 -1.22239580e-15  2.79491849e-16  1.46711562e-05
 -1.36921720e-06 -6.81316559e-09  5.90750008e-10]
[ 0.00000000e+00 -6.04115403e-13 -7.41531337e-14  1.78318449e-11
 -7.46250471e-11 -1.22206478e-15  2.79491849e-16  1.46711562e-05
 -1.36921720e-06 -6.81411083e-09  5.90750008e-10]
[ 0.00000000e+00 -6.03955265e-13 -7.41416147e-14  1.78326109e-11
 -7.46226000e-11 -1.22239580e-15  2.79491849e-16  1.46685850e-05
 -1.36894792e-06 -6.81301627e-09  5.90725652e-10]

population after mutation:
[ 0.00000000e+00 -6.03955265e-13 -7.41416147e-14  1.78326109e-11
 -7.46226000e-11 -1.22239580e-15  2.79491849e-16  1.46731356e-05
 -1.36940637e-06 -6.81500614e-09  5.90750008e-10]
[ 0.00000000e+00 -6.03955265e-13 -7.41416147e-14  1.78344673e-11
 -7.46148729e-11 -1.22240319e-15  2.79476977e-16  1.46697380e-05
 -1.36895398e-06 -6.81301627e-09  5.90636920e-10]
[ 0.00000000e+00 -8.45520739e-13 -7.41553252e-14  1.78351114e-11
 -7.46226000e-11 -1.22239580e-15  2.79491849e-16  1.46731356e-05
 -1.36921720e-06 -6.81373723e-09  5.90750008e-10]
[ 0.00000000e+00 -6.03955265e-13 -7.41298873e-14  1.78356536e-11
 -7.46070774e-11 -1.22239580e-15  2.79439112e-16  1.46713735e-05
 -1.36898133e-06 -6.81204650e-09  5.90750008e-10]
[ 0.00000000e+00 -6.03896341e-13 -7.41298873e-14  1.78323437e-11
 -7.46275735e-11 -1.22256065e-15  2.79476977e-16  1.46685850e-05
 -1.36921720e-06 -6.81254100e-09  5.90684353e-10]
[ 0.00000000e+00 -6.03955265e-13 -7.41417999e-14  1.78382685e-11
 -7.46362782e-11 -1.22253022e-15  2.79498224e-16  1.46693969e-05
 -1.36921720e-06 -6.81253242e-09  5.90739926e-10]
[ 0.00000000e+00 -6.03970426e-13 -7.41413576e-14  1.78326109e-11
 -7.46371441e-11 -1.22239580e-15  2.79439112e-16  1.46706470e-05
 -1.36898133e-06 -6.81204650e-09  5.90750008e-10]
[ 0.00000000e+00 -6.03970426e-13 -7.41413576e-14  1.78326109e-11
 -7.46368808e-11 -1.22239580e-15  2.79491849e-16  1.46682448e-05
 -1.36921720e-06 -6.81316559e-09  5.90750008e-10]
[ 0.00000000e+00 -6.04115403e-13 -7.41531337e-14  1.78318449e-11
 -7.46250471e-11 -1.22206478e-15  2.79491849e-16  1.46711562e-05
 -1.36921720e-06 -6.81411083e-09  5.90750008e-10]
[ 0.00000000e+00 -6.03955265e-13 -7.41416147e-14  1.78326109e-11
 -7.46226000e-11 -1.22239580e-15  2.79491849e-16  1.46685850e-05
 -1.36909349e-06 -6.81243722e-09  5.90725652e-10]


 
 
 
generation 2

initial population:
[ 0.00000000e+00 -6.03955265e-13 -7.41369245e-14  1.78326109e-11
 -7.46226000e-11 -1.22259954e-15  2.79491849e-16  1.46739952e-05
 -1.36940637e-06 -6.81500614e-09  5.90750008e-10]
[ 0.00000000e+00 -6.03896341e-13 -7.41298873e-14  1.78323437e-11
 -7.46275735e-11 -1.22256065e-15  2.79476977e-16  1.46685850e-05
 -1.36921720e-06 -6.81254100e-09  5.90684353e-10]
[ 0.00000000e+00 -6.03944743e-13 -7.41531337e-14  1.78318449e-11
 -7.46154592e-11 -1.22206478e-15  2.79491849e-16  1.46705715e-05
 -1.36942000e-06 -6.81239463e-09  5.90750008e-10]
[ 0.00000000e+00 -6.03955265e-13 -7.41416147e-14  1.78347802e-11
 -7.46528809e-11 -1.22253022e-15  2.79476977e-16  1.46669619e-05
 -1.36921720e-06 -6.81254100e-09  5.90766421e-10]
[ 0.00000000e+00 -6.03877204e-13 -7.41416147e-14  1.78330948e-11
 -7.46363577e-11 -1.22240319e-15  2.79394508e-16  1.46707598e-05
 -1.36921720e-06 -6.81326113e-09  5.90739926e-10]
[ 0.00000000e+00 -8.45576978e-13 -7.41416147e-14  1.78326109e-11
 -7.46315187e-11 -1.22253022e-15  2.79476977e-16  1.46693969e-05
 -1.36923508e-06 -6.81373723e-09  5.90750008e-10]
[ 0.00000000e+00 -6.03970426e-13 -7.41413576e-14  1.78326109e-11
 -7.46371441e-11 -1.22239580e-15  2.79491849e-16  1.46690668e-05
 -1.36921720e-06 -6.81316559e-09  5.90750008e-10]
[ 0.00000000e+00 -6.03970426e-13 -7.41413576e-14  1.78326109e-11
 -7.46368808e-11 -1.22239580e-15  2.79491849e-16  1.46682448e-05
 -1.36921720e-06 -6.81316559e-09  5.90750008e-10]
[ 0.00000000e+00 -6.03799119e-13 -7.41242640e-14  1.78356536e-11
 -7.46148729e-11 -1.22242731e-15  2.79498605e-16  1.46713735e-05
 -1.36921720e-06 -6.81411083e-09  5.90750008e-10]
[ 0.00000000e+00 -6.03843074e-13 -7.41417999e-14  1.78382685e-11
 -7.46362782e-11 -1.22253022e-15  2.79498224e-16  1.46693969e-05
 -1.36921720e-06 -6.81253242e-09  5.90739926e-10]

parents after selection:
parent1 and its probability : [ 0.00000000e+00 -6.03896341e-13 -7.41298873e-14  1.78323437e-11
 -7.46275735e-11 -1.22256065e-15  2.79476977e-16  1.46685850e-05
 -1.36921720e-06 -6.81254100e-09  5.90684353e-10]0.10026667669829757
parent2 and its probability:  [ 0.00000000e+00 -6.03843074e-13 -7.41417999e-14  1.78382685e-11
 -7.46362782e-11 -1.22253022e-15  2.79498224e-16  1.46693969e-05
 -1.36921720e-06 -6.81253242e-09  5.90739926e-10]0.09983532537579784
parents after selection:
parent1 and its probability : [ 0.00000000e+00 -8.45576978e-13 -7.41416147e-14  1.78326109e-11
 -7.46315187e-11 -1.22253022e-15  2.79476977e-16  1.46693969e-05
 -1.36923508e-06 -6.81373723e-09  5.90750008e-10]0.09999036931775405
parent2 and its probability:  [ 0.00000000e+00 -6.03970426e-13 -7.41413576e-14  1.78326109e-11
 -7.46368808e-11 -1.22239580e-15  2.79491849e-16  1.46682448e-05
 -1.36921720e-06 -6.81316559e-09  5.90750008e-10]0.09991363059154812
parents after selection:
parent1 and its probability : [ 0.00000000e+00 -6.03970426e-13 -7.41413576e-14  1.78326109e-11
 -7.46368808e-11 -1.22239580e-15  2.79491849e-16  1.46682448e-05
 -1.36921720e-06 -6.81316559e-09  5.90750008e-10]0.09991363059154812
parent2 and its probability:  [ 0.00000000e+00 -6.03944743e-13 -7.41531337e-14  1.78318449e-11
 -7.46154592e-11 -1.22206478e-15  2.79491849e-16  1.46705715e-05
 -1.36942000e-06 -6.81239463e-09  5.90750008e-10]0.10022566203964997
parents after selection:
parent1 and its probability : [ 0.00000000e+00 -6.03799119e-13 -7.41242640e-14  1.78356536e-11
 -7.46148729e-11 -1.22242731e-15  2.79498605e-16  1.46713735e-05
 -1.36921720e-06 -6.81411083e-09  5.90750008e-10]0.09985658377902011
parent2 and its probability:  [ 0.00000000e+00 -8.45576978e-13 -7.41416147e-14  1.78326109e-11
 -7.46315187e-11 -1.22253022e-15  2.79476977e-16  1.46693969e-05
 -1.36923508e-06 -6.81373723e-09  5.90750008e-10]0.09999036931775405
parents after selection:
parent1 and its probability : [ 0.00000000e+00 -6.03896341e-13 -7.41298873e-14  1.78323437e-11
 -7.46275735e-11 -1.22256065e-15  2.79476977e-16  1.46685850e-05
 -1.36921720e-06 -6.81254100e-09  5.90684353e-10]0.10026667669829757
parent2 and its probability:  [ 0.00000000e+00 -6.03970426e-13 -7.41413576e-14  1.78326109e-11
 -7.46368808e-11 -1.22239580e-15  2.79491849e-16  1.46682448e-05
 -1.36921720e-06 -6.81316559e-09  5.90750008e-10]0.09991363059154812
parents after selection:
parent1 and its probability : [ 0.00000000e+00 -6.03970426e-13 -7.41413576e-14  1.78326109e-11
 -7.46368808e-11 -1.22239580e-15  2.79491849e-16  1.46682448e-05
 -1.36921720e-06 -6.81316559e-09  5.90750008e-10]0.09991363059154812
parent2 and its probability:  [ 0.00000000e+00 -8.45576978e-13 -7.41416147e-14  1.78326109e-11
 -7.46315187e-11 -1.22253022e-15  2.79476977e-16  1.46693969e-05
 -1.36923508e-06 -6.81373723e-09  5.90750008e-10]0.09999036931775405
parents after selection:
parent1 and its probability : [ 0.00000000e+00 -6.03955265e-13 -7.41369245e-14  1.78326109e-11
 -7.46226000e-11 -1.22259954e-15  2.79491849e-16  1.46739952e-05
 -1.36940637e-06 -6.81500614e-09  5.90750008e-10]0.1004004757277072
parent2 and its probability:  [ 0.00000000e+00 -6.03970426e-13 -7.41413576e-14  1.78326109e-11
 -7.46371441e-11 -1.22239580e-15  2.79491849e-16  1.46690668e-05
 -1.36921720e-06 -6.81316559e-09  5.90750008e-10]0.09986266323257527
parents after selection:
parent1 and its probability : [ 0.00000000e+00 -6.03970426e-13 -7.41413576e-14  1.78326109e-11
 -7.46371441e-11 -1.22239580e-15  2.79491849e-16  1.46690668e-05
 -1.36921720e-06 -6.81316559e-09  5.90750008e-10]0.09986266323257527
parent2 and its probability:  [ 0.00000000e+00 -6.03944743e-13 -7.41531337e-14  1.78318449e-11
 -7.46154592e-11 -1.22206478e-15  2.79491849e-16  1.46705715e-05
 -1.36942000e-06 -6.81239463e-09  5.90750008e-10]0.10022566203964997
parents after selection:
parent1 and its probability : [ 0.00000000e+00 -6.03970426e-13 -7.41413576e-14  1.78326109e-11
 -7.46368808e-11 -1.22239580e-15  2.79491849e-16  1.46682448e-05
 -1.36921720e-06 -6.81316559e-09  5.90750008e-10]0.09991363059154812
parent2 and its probability:  [ 0.00000000e+00 -6.03843074e-13 -7.41417999e-14  1.78382685e-11
 -7.46362782e-11 -1.22253022e-15  2.79498224e-16  1.46693969e-05
 -1.36921720e-06 -6.81253242e-09  5.90739926e-10]0.09983532537579784
parents after selection:
parent1 and its probability : [ 0.00000000e+00 -6.03970426e-13 -7.41413576e-14  1.78326109e-11
 -7.46368808e-11 -1.22239580e-15  2.79491849e-16  1.46682448e-05
 -1.36921720e-06 -6.81316559e-09  5.90750008e-10]0.09991363059154812
parent2 and its probability:  [ 0.00000000e+00 -6.03970426e-13 -7.41413576e-14  1.78326109e-11
 -7.46371441e-11 -1.22239580e-15  2.79491849e-16  1.46690668e-05
 -1.36921720e-06 -6.81316559e-09  5.90750008e-10]0.09986266323257527
population after corssover:
[ 0.00000000e+00 -6.03896341e-13 -7.41298873e-14  1.78382685e-11
 -7.46362782e-11 -1.22253022e-15  2.79498224e-16  1.46693969e-05
 -1.36921720e-06 -6.81253242e-09  5.90739926e-10]
[ 0.00000000e+00 -8.45576978e-13 -7.41416147e-14  1.78326109e-11
 -7.46315187e-11 -1.22253022e-15  2.79476977e-16  1.46682448e-05
 -1.36921720e-06 -6.81316559e-09  5.90750008e-10]
[ 0.00000000e+00 -6.03944743e-13 -7.41531337e-14  1.78318449e-11
 -7.46154592e-11 -1.22206478e-15  2.79491849e-16  1.46705715e-05
 -1.36942000e-06 -6.81239463e-09  5.90750008e-10]
[ 0.00000000e+00 -6.03799119e-13 -7.41242640e-14  1.78356536e-11
 -7.46148729e-11 -1.22242731e-15  2.79498605e-16  1.46693969e-05
 -1.36923508e-06 -6.81373723e-09  5.90750008e-10]
[ 0.00000000e+00 -6.03896341e-13 -7.41298873e-14  1.78323437e-11
 -7.46275735e-11 -1.22256065e-15  2.79476977e-16  1.46682448e-05
 -1.36921720e-06 -6.81316559e-09  5.90750008e-10]
[ 0.00000000e+00 -6.03970426e-13 -7.41413576e-14  1.78326109e-11
 -7.46368808e-11 -1.22239580e-15  2.79476977e-16  1.46693969e-05
 -1.36923508e-06 -6.81373723e-09  5.90750008e-10]
[ 0.00000000e+00 -6.03955265e-13 -7.41369245e-14  1.78326109e-11
 -7.46226000e-11 -1.22259954e-15  2.79491849e-16  1.46690668e-05
 -1.36921720e-06 -6.81316559e-09  5.90750008e-10]
[ 0.00000000e+00 -6.03970426e-13 -7.41531337e-14  1.78318449e-11
 -7.46154592e-11 -1.22206478e-15  2.79491849e-16  1.46705715e-05
 -1.36942000e-06 -6.81239463e-09  5.90750008e-10]
[ 0.00000000e+00 -6.03970426e-13 -7.41417999e-14  1.78382685e-11
 -7.46362782e-11 -1.22253022e-15  2.79498224e-16  1.46693969e-05
 -1.36921720e-06 -6.81253242e-09  5.90739926e-10]
[ 0.00000000e+00 -6.03970426e-13 -7.41413576e-14  1.78326109e-11
 -7.46368808e-11 -1.22239580e-15  2.79491849e-16  1.46690668e-05
 -1.36921720e-06 -6.81316559e-09  5.90750008e-10]

population after mutation:
[ 0.00000000e+00 -6.03941296e-13 -7.41298873e-14  1.78382685e-11
 -7.46362782e-11 -1.22253022e-15  2.79498224e-16  1.46693969e-05
 -1.36921720e-06 -6.81253242e-09  5.90739926e-10]
[ 0.00000000e+00 -8.45576978e-13 -7.41416147e-14  1.78326109e-11
 -7.46315187e-11 -1.22252832e-15  2.79450588e-16  1.46660220e-05
 -1.36921720e-06 -6.81316559e-09  5.90750008e-10]
[ 0.00000000e+00 -6.03944743e-13 -7.41531337e-14  1.78318449e-11
 -7.46154592e-11 -1.22206478e-15  2.79491849e-16  1.46694183e-05
 -1.36942000e-06 -6.81239463e-09  5.90750008e-10]
[ 0.00000000e+00 -6.03799119e-13 -7.41242640e-14  1.78356536e-11
 -7.46148729e-11 -1.22242731e-15  2.79498605e-16  1.46693969e-05
 -1.36898305e-06 -6.81373723e-09  5.90750008e-10]
[ 0.00000000e+00 -6.03896341e-13 -7.41298873e-14  1.78323437e-11
 -7.46173950e-11 -1.22256065e-15  2.79476977e-16  1.46682448e-05
 -1.36921720e-06 -6.81316559e-09  5.90750008e-10]
[ 0.00000000e+00 -6.03970426e-13 -7.41413576e-14  1.78343266e-11
 -7.46368808e-11 -1.22252049e-15  2.79476977e-16  1.46693969e-05
 -1.36923508e-06 -6.81373723e-09  5.90750008e-10]
[ 0.00000000e+00 -6.03955265e-13 -7.41369245e-14  1.78353647e-11
 -7.46089815e-11 -1.22259954e-15  2.79491849e-16  1.46690668e-05
 -1.36921720e-06 -6.81316559e-09  5.90750008e-10]
[ 0.00000000e+00 -6.03970426e-13 -7.41531337e-14  1.78318449e-11
 -7.46154592e-11 -1.22215040e-15  2.79491849e-16  1.46705715e-05
 -1.36942000e-06 -6.81324305e-09  5.90750008e-10]
[ 0.00000000e+00 -6.03976001e-13 -7.41417999e-14  1.78382685e-11
 -7.46362782e-11 -1.22253022e-15  2.79498224e-16  1.46671013e-05
 -1.36921720e-06 -6.81253242e-09  5.90777061e-10]
[ 0.00000000e+00 -6.03867928e-13 -7.41413576e-14  1.78326109e-11
 -7.46368808e-11 -1.22239580e-15  2.79491849e-16  1.46690668e-05
 -1.36921720e-06 -6.81316559e-09  5.90723767e-10]


 
 
 
generation 2

initial population:
[ 0.00000000e+00 -6.03955265e-13 -7.41369245e-14  1.78326109e-11
 -7.46226000e-11 -1.22259954e-15  2.79491849e-16  1.46739952e-05
 -1.36940637e-06 -6.81500614e-09  5.90750008e-10]
[ 0.00000000e+00 -6.03970426e-13 -7.41531337e-14  1.78318449e-11
 -7.46154592e-11 -1.22215571e-15  2.79491849e-16  1.46705715e-05
 -1.36951965e-06 -6.81324305e-09  5.90750008e-10]
[ 0.00000000e+00 -6.03863998e-13 -7.41531337e-14  1.78293630e-11
 -7.46154592e-11 -1.22206478e-15  2.79491849e-16  1.46694183e-05
 -1.36942000e-06 -6.81239463e-09  5.90750008e-10]
[ 0.00000000e+00 -6.03896341e-13 -7.41298873e-14  1.78323437e-11
 -7.46275735e-11 -1.22256065e-15  2.79476977e-16  1.46685850e-05
 -1.36946777e-06 -6.81267076e-09  5.90684353e-10]
[ 0.00000000e+00 -6.03985290e-13 -7.41531337e-14  1.78318449e-11
 -7.46154592e-11 -1.22206478e-15  2.79491849e-16  1.46705715e-05
 -1.36942000e-06 -6.81337927e-09  5.90750008e-10]
[ 0.00000000e+00 -8.45715755e-13 -7.41416147e-14  1.78326109e-11
 -7.46315187e-11 -1.22266287e-15  2.79450588e-16  1.46660220e-05
 -1.36921720e-06 -6.81316559e-09  5.90750008e-10]
[ 0.00000000e+00 -6.03867928e-13 -7.41413576e-14  1.78326109e-11
 -7.46368808e-11 -1.22242530e-15  2.79491849e-16  1.46690668e-05
 -1.36921720e-06 -6.81423971e-09  5.90723767e-10]
[ 0.00000000e+00 -8.45707223e-13 -7.41521792e-14  1.78326109e-11
 -7.46315187e-11 -1.22248705e-15  2.79476977e-16  1.46693969e-05
 -1.36923508e-06 -6.81373723e-09  5.90800965e-10]
[ 0.00000000e+00 -6.04005438e-13 -7.41413576e-14  1.78343266e-11
 -7.46368808e-11 -1.22252049e-15  2.79476977e-16  1.46693969e-05
 -1.36944483e-06 -6.81373723e-09  5.90750008e-10]
[ 0.00000000e+00 -6.03982352e-13 -7.41298873e-14  1.78323437e-11
 -7.46173950e-11 -1.22249969e-15  2.79468797e-16  1.46682448e-05
 -1.36921720e-06 -6.81316559e-09  5.90862392e-10]

parents after selection:
parent1 and its probability : [ 0.00000000e+00 -6.03896341e-13 -7.41298873e-14  1.78323437e-11
 -7.46275735e-11 -1.22256065e-15  2.79476977e-16  1.46685850e-05
 -1.36946777e-06 -6.81267076e-09  5.90684353e-10]0.10078728825763326
parent2 and its probability:  [ 0.00000000e+00 -6.04005438e-13 -7.41413576e-14  1.78343266e-11
 -7.46368808e-11 -1.22252049e-15  2.79476977e-16  1.46693969e-05
 -1.36944483e-06 -6.81373723e-09  5.90750008e-10]0.10036740060901178
parents after selection:
parent1 and its probability : [ 0.00000000e+00 -6.03982352e-13 -7.41298873e-14  1.78323437e-11
 -7.46173950e-11 -1.22249969e-15  2.79468797e-16  1.46682448e-05
 -1.36921720e-06 -6.81316559e-09  5.90862392e-10]0.0989263321469695
parent2 and its probability:  [ 0.00000000e+00 -6.03982352e-13 -7.41298873e-14  1.78323437e-11
 -7.46173950e-11 -1.22249969e-15  2.79468797e-16  1.46682448e-05
 -1.36921720e-06 -6.81316559e-09  5.90862392e-10]0.0989263321469695
parents after selection:
parent1 and its probability : [ 0.00000000e+00 -6.03863998e-13 -7.41531337e-14  1.78293630e-11
 -7.46154592e-11 -1.22206478e-15  2.79491849e-16  1.46694183e-05
 -1.36942000e-06 -6.81239463e-09  5.90750008e-10]0.10005228689964263
parent2 and its probability:  [ 0.00000000e+00 -6.04005438e-13 -7.41413576e-14  1.78343266e-11
 -7.46368808e-11 -1.22252049e-15  2.79476977e-16  1.46693969e-05
 -1.36944483e-06 -6.81373723e-09  5.90750008e-10]0.10036740060901178
parents after selection:
parent1 and its probability : [ 0.00000000e+00 -6.03955265e-13 -7.41369245e-14  1.78326109e-11
 -7.46226000e-11 -1.22259954e-15  2.79491849e-16  1.46739952e-05
 -1.36940637e-06 -6.81500614e-09  5.90750008e-10]0.10015496669022733
parent2 and its probability:  [ 0.00000000e+00 -6.03985290e-13 -7.41531337e-14  1.78318449e-11
 -7.46154592e-11 -1.22206478e-15  2.79491849e-16  1.46705715e-05
 -1.36942000e-06 -6.81337927e-09  5.90750008e-10]0.10012016034769125
parents after selection:
parent1 and its probability : [ 0.00000000e+00 -6.03867928e-13 -7.41413576e-14  1.78326109e-11
 -7.46368808e-11 -1.22242530e-15  2.79491849e-16  1.46690668e-05
 -1.36921720e-06 -6.81423971e-09  5.90723767e-10]0.09995057915504964
parent2 and its probability:  [ 0.00000000e+00 -8.45707223e-13 -7.41521792e-14  1.78326109e-11
 -7.46315187e-11 -1.22248705e-15  2.79476977e-16  1.46693969e-05
 -1.36923508e-06 -6.81373723e-09  5.90800965e-10]0.0993980417339931
parents after selection:
parent1 and its probability : [ 0.00000000e+00 -8.45715755e-13 -7.41416147e-14  1.78326109e-11
 -7.46315187e-11 -1.22266287e-15  2.79450588e-16  1.46660220e-05
 -1.36921720e-06 -6.81316559e-09  5.90750008e-10]0.09983567956957284
parent2 and its probability:  [ 0.00000000e+00 -6.04005438e-13 -7.41413576e-14  1.78343266e-11
 -7.46368808e-11 -1.22252049e-15  2.79476977e-16  1.46693969e-05
 -1.36944483e-06 -6.81373723e-09  5.90750008e-10]0.10036740060901178
parents after selection:
parent1 and its probability : [ 0.00000000e+00 -8.45707223e-13 -7.41521792e-14  1.78326109e-11
 -7.46315187e-11 -1.22248705e-15  2.79476977e-16  1.46693969e-05
 -1.36923508e-06 -6.81373723e-09  5.90800965e-10]0.0993980417339931
parent2 and its probability:  [ 0.00000000e+00 -6.03863998e-13 -7.41531337e-14  1.78293630e-11
 -7.46154592e-11 -1.22206478e-15  2.79491849e-16  1.46694183e-05
 -1.36942000e-06 -6.81239463e-09  5.90750008e-10]0.10005228689964263
parents after selection:
parent1 and its probability : [ 0.00000000e+00 -6.04005438e-13 -7.41413576e-14  1.78343266e-11
 -7.46368808e-11 -1.22252049e-15  2.79476977e-16  1.46693969e-05
 -1.36944483e-06 -6.81373723e-09  5.90750008e-10]0.10036740060901178
parent2 and its probability:  [ 0.00000000e+00 -6.03982352e-13 -7.41298873e-14  1.78323437e-11
 -7.46173950e-11 -1.22249969e-15  2.79468797e-16  1.46682448e-05
 -1.36921720e-06 -6.81316559e-09  5.90862392e-10]0.0989263321469695
parents after selection:
parent1 and its probability : [ 0.00000000e+00 -8.45715755e-13 -7.41416147e-14  1.78326109e-11
 -7.46315187e-11 -1.22266287e-15  2.79450588e-16  1.46660220e-05
 -1.36921720e-06 -6.81316559e-09  5.90750008e-10]0.09983567956957284
parent2 and its probability:  [ 0.00000000e+00 -6.03867928e-13 -7.41413576e-14  1.78326109e-11
 -7.46368808e-11 -1.22242530e-15  2.79491849e-16  1.46690668e-05
 -1.36921720e-06 -6.81423971e-09  5.90723767e-10]0.09995057915504964
parents after selection:
parent1 and its probability : [ 0.00000000e+00 -8.45707223e-13 -7.41521792e-14  1.78326109e-11
 -7.46315187e-11 -1.22248705e-15  2.79476977e-16  1.46693969e-05
 -1.36923508e-06 -6.81373723e-09  5.90800965e-10]0.0993980417339931
parent2 and its probability:  [ 0.00000000e+00 -6.03896341e-13 -7.41298873e-14  1.78323437e-11
 -7.46275735e-11 -1.22256065e-15  2.79476977e-16  1.46685850e-05
 -1.36946777e-06 -6.81267076e-09  5.90684353e-10]0.10078728825763326
population after corssover:
[ 0.00000000e+00 -6.04005438e-13 -7.41413576e-14  1.78343266e-11
 -7.46368808e-11 -1.22252049e-15  2.79476977e-16  1.46693969e-05
 -1.36944483e-06 -6.81373723e-09  5.90750008e-10]
[ 0.00000000e+00 -6.03982352e-13 -7.41298873e-14  1.78323437e-11
 -7.46173950e-11 -1.22249969e-15  2.79468797e-16  1.46682448e-05
 -1.36921720e-06 -6.81316559e-09  5.90862392e-10]
[ 0.00000000e+00 -6.03863998e-13 -7.41531337e-14  1.78293630e-11
 -7.46154592e-11 -1.22206478e-15  2.79476977e-16  1.46693969e-05
 -1.36944483e-06 -6.81373723e-09  5.90750008e-10]
[ 0.00000000e+00 -6.03955265e-13 -7.41369245e-14  1.78326109e-11
 -7.46226000e-11 -1.22259954e-15  2.79491849e-16  1.46705715e-05
 -1.36942000e-06 -6.81337927e-09  5.90750008e-10]
[ 0.00000000e+00 -6.03867928e-13 -7.41521792e-14  1.78326109e-11
 -7.46315187e-11 -1.22248705e-15  2.79476977e-16  1.46693969e-05
 -1.36923508e-06 -6.81373723e-09  5.90800965e-10]
[ 0.00000000e+00 -8.45715755e-13 -7.41416147e-14  1.78326109e-11
 -7.46315187e-11 -1.22252049e-15  2.79476977e-16  1.46693969e-05
 -1.36944483e-06 -6.81373723e-09  5.90750008e-10]
[ 0.00000000e+00 -8.45707223e-13 -7.41521792e-14  1.78326109e-11
 -7.46315187e-11 -1.22248705e-15  2.79476977e-16  1.46693969e-05
 -1.36942000e-06 -6.81239463e-09  5.90750008e-10]
[ 0.00000000e+00 -6.04005438e-13 -7.41298873e-14  1.78323437e-11
 -7.46173950e-11 -1.22249969e-15  2.79468797e-16  1.46682448e-05
 -1.36921720e-06 -6.81316559e-09  5.90862392e-10]
[ 0.00000000e+00 -8.45715755e-13 -7.41413576e-14  1.78326109e-11
 -7.46368808e-11 -1.22242530e-15  2.79491849e-16  1.46690668e-05
 -1.36921720e-06 -6.81423971e-09  5.90723767e-10]
[ 0.00000000e+00 -8.45707223e-13 -7.41521792e-14  1.78326109e-11
 -7.46315187e-11 -1.22256065e-15  2.79476977e-16  1.46685850e-05
 -1.36946777e-06 -6.81267076e-09  5.90684353e-10]

population after mutation:
[ 0.00000000e+00 -6.03923980e-13 -7.41413576e-14  1.78343266e-11
 -7.46339406e-11 -1.22252049e-15  2.79476977e-16  1.46693969e-05
 -1.36935050e-06 -6.81307137e-09  5.90750008e-10]
[ 0.00000000e+00 -6.03982352e-13 -7.41298873e-14  1.78323437e-11
 -7.46173950e-11 -1.22249969e-15  2.79468797e-16  1.46682448e-05
 -1.36921720e-06 -6.81316559e-09  5.90862392e-10]
[ 0.00000000e+00 -6.03863998e-13 -7.41531337e-14  1.78327527e-11
 -7.46154592e-11 -1.22206478e-15  2.79476977e-16  1.46693969e-05
 -1.36944483e-06 -6.81276845e-09  5.90680911e-10]
[ 0.00000000e+00 -6.03955265e-13 -7.41369245e-14  1.78326109e-11
 -7.46226000e-11 -1.22273067e-15  2.79491849e-16  1.46705715e-05
 -1.36942000e-06 -6.81235585e-09  5.90750008e-10]
[ 0.00000000e+00 -6.03867928e-13 -7.41521792e-14  1.78296430e-11
 -7.46315187e-11 -1.22249261e-15  2.79493269e-16  1.46693969e-05
 -1.36912215e-06 -6.81308160e-09  5.90800965e-10]
[ 0.00000000e+00 -8.45715755e-13 -7.41296240e-14  1.78357185e-11
 -7.46315187e-11 -1.22252049e-15  2.79476977e-16  1.46700994e-05
 -1.36944483e-06 -6.81307155e-09  5.90806118e-10]
[ 0.00000000e+00 -8.45707223e-13 -7.41521792e-14  1.78326109e-11
 -7.46311125e-11 -1.22248705e-15  2.79476977e-16  1.46693969e-05
 -1.36942000e-06 -6.81122204e-09  5.90750008e-10]
[ 0.00000000e+00 -6.04005438e-13 -7.41298873e-14  1.78323437e-11
 -7.46173950e-11 -1.22249969e-15  2.79468797e-16  1.46682448e-05
 -1.36919088e-06 -6.81316559e-09  5.90907714e-10]
[ 0.00000000e+00 -8.45568989e-13 -7.41413576e-14  1.78326109e-11
 -7.46368808e-11 -1.22242530e-15  2.79491849e-16  1.46690668e-05
 -1.36913932e-06 -6.81423971e-09  5.90723767e-10]
[ 0.00000000e+00 -8.45644311e-13 -7.41521792e-14  1.78326109e-11
 -7.46315187e-11 -1.22256065e-15  2.79476977e-16  1.46685850e-05
 -1.36946777e-06 -6.81267076e-09  5.90684353e-10]

