[ 0.00000000e+00 -6.39885036e-13 -1.76556112e-13  1.84366798e-11
  0.00000000e+00  0.00000000e+00  5.62645130e-16  1.57494143e-05
  0.00000000e+00 -8.53681067e-09  0.00000000e+00]
[ 0.00000000e+00 -6.39827547e-13 -1.76548891e-13  1.84366798e-11
  0.00000000e+00  0.00000000e+00  5.62747053e-16  1.25115106e-05
  0.00000000e+00 -8.53612608e-09  0.00000000e+00]
[ 0.00000000e+00 -6.39809664e-13 -1.76556112e-13  1.84366798e-11
  0.00000000e+00  0.00000000e+00  5.62645130e-16  1.57466465e-05
  0.00000000e+00 -8.53681067e-09  0.00000000e+00]
[ 0.00000000e+00 -6.39779566e-13 -1.76544982e-13  1.84366798e-11
  0.00000000e+00  0.00000000e+00  5.62747053e-16  1.25115106e-05
  0.00000000e+00 -8.53612608e-09  0.00000000e+00]
[ 0.00000000e+00 -6.39827547e-13 -1.76556112e-13  1.84337979e-11
  0.00000000e+00  0.00000000e+00  5.62826853e-16  1.57513877e-05
  0.00000000e+00 -8.53823684e-09  0.00000000e+00]
[ 0.00000000e+00 -6.39827547e-13 -1.76536601e-13  1.84366798e-11
  0.00000000e+00  0.00000000e+00  5.62666558e-16  1.57502834e-05
  0.00000000e+00 -8.53780946e-09  0.00000000e+00]
[ 0.00000000e+00 -6.39885036e-13 -1.76564161e-13  1.84366798e-11
  0.00000000e+00  0.00000000e+00  5.62645130e-16  1.57494143e-05
  0.00000000e+00 -8.53681067e-09  0.00000000e+00]
[ 0.00000000e+00 -6.39891092e-13 -1.76548891e-13  1.84366798e-11
  0.00000000e+00  0.00000000e+00  5.62747053e-16  1.25115106e-05
  0.00000000e+00 -8.53612608e-09  0.00000000e+00]
[ 0.00000000e+00 -6.39885036e-13 -1.76556112e-13  1.84373551e-11
  0.00000000e+00  0.00000000e+00  5.62645130e-16  1.57486897e-05
  0.00000000e+00 -8.53681067e-09  0.00000000e+00]
[ 0.00000000e+00 -6.39909996e-13 -1.76548891e-13  1.84366798e-11
  0.00000000e+00  0.00000000e+00  5.62688086e-16  1.25125766e-05
  0.00000000e+00 -8.53612608e-09  0.00000000e+00]
[ 0.00000000e+00 -6.39981230e-13 -1.76548891e-13  1.84368061e-11
  0.00000000e+00  0.00000000e+00  5.62688086e-16  1.25133993e-05
  0.00000000e+00 -8.53612608e-09  0.00000000e+00]
[ 0.00000000e+00 -6.39829035e-13 -1.76548891e-13  1.84366798e-11
  0.00000000e+00  0.00000000e+00  5.62688086e-16  1.25125766e-05
  0.00000000e+00 -8.53612608e-09  0.00000000e+00]
[ 0.00000000e+00 -6.39909996e-13 -1.76548891e-13  1.84366798e-11
  0.00000000e+00  0.00000000e+00  5.62688086e-16  1.25106285e-05
  0.00000000e+00 -8.53612608e-09  0.00000000e+00]
[ 0.00000000e+00 -6.39909996e-13 -1.76548891e-13  1.84403428e-11
  0.00000000e+00  0.00000000e+00  5.62688086e-16  1.25135044e-05
  0.00000000e+00 -8.53612608e-09  0.00000000e+00]
[ 0.00000000e+00 -6.39909996e-13 -1.76548891e-13  1.84366798e-11
  0.00000000e+00  0.00000000e+00  5.62688086e-16  1.25125766e-05
  0.00000000e+00 -8.53612608e-09  0.00000000e+00]
[ 0.00000000e+00 -6.39796330e-13 -1.76556112e-13  1.84337979e-11
  0.00000000e+00  0.00000000e+00  5.62688086e-16  1.25139644e-05
  0.00000000e+00 -8.53612608e-09  0.00000000e+00]
[ 0.00000000e+00 -6.40037624e-13 -1.76548891e-13  1.84366798e-11
  0.00000000e+00  0.00000000e+00  5.62583311e-16  1.25145018e-05
  0.00000000e+00 -8.53612608e-09  0.00000000e+00]
[ 0.00000000e+00 -6.39909996e-13 -1.76534263e-13  1.84366798e-11
  0.00000000e+00  0.00000000e+00  5.62688086e-16  1.25125766e-05
  0.00000000e+00 -8.53612608e-09  0.00000000e+00]
[ 0.00000000e+00 -6.39909996e-13 -1.76548891e-13  1.84366798e-11
  0.00000000e+00  0.00000000e+00  5.62688086e-16  1.25110548e-05
  0.00000000e+00 -8.53612608e-09  0.00000000e+00]
[ 0.00000000e+00 -6.39909996e-13 -1.76548891e-13  1.84366798e-11
  0.00000000e+00  0.00000000e+00  5.62633313e-16  1.25125766e-05
  0.00000000e+00 -8.53612608e-09  0.00000000e+00]
[ 0.00000000e+00 -6.39796330e-13 -1.76548891e-13  1.84366798e-11
  0.00000000e+00  0.00000000e+00  5.62688086e-16  1.25125766e-05
  0.00000000e+00 -8.53491181e-09  0.00000000e+00]
[ 0.00000000e+00 -6.39909996e-13 -1.76548891e-13  1.84366798e-11
  0.00000000e+00  0.00000000e+00  5.62688086e-16  1.25125766e-05
  0.00000000e+00 -8.53612608e-09  0.00000000e+00]
[ 0.00000000e+00 -6.39909996e-13 -1.76552680e-13  1.84366798e-11
  0.00000000e+00  0.00000000e+00  5.62688086e-16  1.25125766e-05
  0.00000000e+00 -8.53723220e-09  0.00000000e+00]
[ 0.00000000e+00 -6.39909996e-13 -1.76548891e-13  1.84366798e-11
  0.00000000e+00  0.00000000e+00  5.62688086e-16  1.25125766e-05
  0.00000000e+00 -8.53612608e-09  0.00000000e+00]
[ 0.00000000e+00 -6.39909996e-13 -1.76548891e-13  1.84366798e-11
  0.00000000e+00  0.00000000e+00  5.62688086e-16  1.25125766e-05
  0.00000000e+00 -8.53584007e-09  0.00000000e+00]
[ 0.00000000e+00 -6.39909996e-13 -1.76548891e-13  1.84366798e-11
  0.00000000e+00  0.00000000e+00  5.62688086e-16  1.25125766e-05
  0.00000000e+00 -8.53612608e-09  0.00000000e+00]
[ 0.00000000e+00 -6.39914936e-13 -1.76556112e-13  1.84366798e-11
  0.00000000e+00  0.00000000e+00  5.62667407e-16  1.25125766e-05
  0.00000000e+00 -8.53454281e-09  0.00000000e+00]
[ 0.00000000e+00 -6.39909996e-13 -1.76529115e-13  1.84366798e-11
  0.00000000e+00  0.00000000e+00  5.62643738e-16  1.25125766e-05
  0.00000000e+00 -8.53612608e-09  0.00000000e+00]
[ 0.00000000e+00 -6.39827547e-13 -1.76548891e-13  1.84366798e-11
  0.00000000e+00  0.00000000e+00  5.62688086e-16  1.25125766e-05
  0.00000000e+00 -8.53469109e-09  0.00000000e+00]
[ 0.00000000e+00 -6.39910062e-13 -1.76548891e-13  1.84366798e-11
  0.00000000e+00  0.00000000e+00  5.62688086e-16  1.25125766e-05
  0.00000000e+00 -8.53612608e-09  0.00000000e+00]


test 12679717989753.992