1793393001808.3418
1188685663429.0132
1792250750179.5288
1188685663429.0132
1793019316311.8176
1792919588518.425
1793393001808.3418
1188685663429.0132
1793093872984.1343
1188643933680.6128
1188611832164.0444
1188643933680.6128
1188720320112.3728
1188607737152.5168
1188643933680.6128
1188589837827.5454
1188568963856.936
1188643933680.6128
1188703559379.6685
1188643933680.6128
1188398532866.5981
1188643933680.6128
1188868425256.4878
1188643933680.6128
1188586033213.7466
1188643933680.6128
1188324174270.7205
1188643933680.6128
1188354043799.9336
1188643933680.6128
