1180088963952.7458
1465159144003.8833
1180012884424.761
1465159144003.8833
1180048202646.6726
1180046298064.8582
1180088963952.7458
1465159144003.8833
1180068994486.063
1464942002302.1987
1464774452101.7234
1464942002302.1987
1465338917663.0151
1464753046581.9353
1464942002302.1987
1464659397285.5583
1464550007929.6401
1464942002302.1987
1465252038642.2224
1464942002302.1987
1464374578645.8184
1464942002302.1987
1465459379690.7837
1464942002302.1987
1464808298753.1846
1464942002302.1987
1464202257509.3628
1464942002302.1987
1464271499903.0415
1464942002302.1987
