
<position=22>
234858192923.48096 276176030203.05585
234383630985.89996 276866658948.0498
234511464502.03067 276210114784.17944
235037573197.64175 275456409427.52795
236006958111.11523 275197555272.1148
233944804860.1959 277299443512.0499
235159476299.75577 275849011505.3407
235518212793.71573 275401899246.28424
235895769393.6652 275190860235.7336
233865954149.308 277731142467.3258

test error
4258894076010.6006
successfully submitted
the vector we are submitting [ 0.00000000e+00 -1.14348991e-12 -1.24117130e-13  4.61991839e-11
 -9.00227738e-11 -1.05986014e-15  3.53733966e-16  2.29332576e-05
 -1.18124383e-06 -1.11348260e-08  5.00990900e-10]

<pos = 18>
teat 1943169627257.1245

194052688068739.44 382563948371356.44
18260115012862.83 28224069989400.5
244918541217.83325 121249516661.67802
4594801815474.805 4989337861784.909
2257110236478.04 178616404581.46924
2258472446922.7715 179265449526.82578
2258293520341.9204 178999559591.94608
2256351140501.233 177612847714.08228
2084691857440.8608 85054876882.3885
2608700544855.118 3543838066580.4946
final touple:

successfully submitted
the vector we are submitting [ 0.00000000e+00 -1.10358802e-12 -1.78433788e-13  4.61989288e-11
 -1.33988605e-10 -7.32322602e-16  6.46826457e-16  1.54666871e-05
 -1.31584434e-06 -7.54597257e-09  5.30760917e-10]
