1009192050178.1106 3122434884680.7744
1147862680598.7495 1028599962307.4807
2027667149763.3938 1899060521440.8809
2628653897012.837 6673846866315.862
2028274702275.8015 1899243344654.7559
2630256335446.318 6678069210116.814
1146336914478.1104 1026620939096.7009
2203603072344.2393 5896104486947.756
1141197268805.0142 1019088519363.4733
2556817307506.495 6560733641846.438


test error
11963117112593.916
successfully submitted
the vector we are submitting [ 0.00000000e+00 -7.79846920e-13 -1.42777196e-13  4.62037584e-11
 -8.14307576e-11 -1.21371243e-15  6.51344186e-16  1.03404501e-05
 -1.25747238e-06 -8.22061961e-09  5.50792955e-10]






252696648040.7203 531437442645.05225
248704669881.1211 517424610782.047
250757587471.67944 524125360417.4295
247081028627.7059 512207790794.8226
250695976852.2276 523771855921.51105
249101298287.64606 517491613163.9863
250486824834.62393 523871772866.90265
250709513195.47992 523822281349.175
251269922137.77295 526529028103.2919
251205407263.3853 526351436893.69403

test error 
13640988438035.822

successfully submitted
the vector we are submitting [ 0.00000000e+00 -6.79598304e-13 -1.07276623e-13  3.09324580e-11
 -1.75216992e-10 -8.66693832e-16  4.19904720e-16  1.07984600e-05
 -1.11055121e-06 -7.47370308e-09  5.17255990e-10]


<position=22>
234858192923.48096 276176030203.05585
234383630985.89996 276866658948.0498
234511464502.03067 276210114784.17944
235037573197.64175 275456409427.52795
236006958111.11523 275197555272.1148
233944804860.1959 277299443512.0499
235159476299.75577 275849011505.3407
235518212793.71573 275401899246.28424
235895769393.6652 275190860235.7336
233865954149.308 277731142467.3258

test error
4258894076010.6006
successfully submitted
the vector we are submitting [ 0.00000000e+00 -1.14348991e-12 -1.24117130e-13  4.61991839e-11
 -9.00227738e-11 -1.05986014e-15  3.53733966e-16  2.29332576e-05
 -1.18124383e-06 -1.11348260e-08  5.00990900e-10]



<pos = 76> 
successfully submitted
the vector we are submitting [ 0.00000000e+00 -1.14762355e-12 -1.36443115e-13  1.49270258e-11
 -1.75200697e-10 -9.50229825e-16  5.90257634e-16  9.28512060e-06
 -2.04718273e-06 -9.45559125e-09  9.97928083e-10]

test error
35523280060392.14
929591377889.9373 2367475621673.6855
946272420796.2135 2402012063571.29
939310635063.2795 2387499132748.134
934805759557.5826 2378184716526.3037
846966564351.8446 2302367128121.4585
938017433230.8259 2384662382492.1763
935033030319.6097 2378773342502.045
845762475969.3683 2299741797959.568
934151480686.5043 2376652662126.1294
937877330146.4648 2384947971313.2373


<pos = 18>
teat 1943169627257.1245

194052688068739.44 382563948371356.44
18260115012862.83 28224069989400.5
244918541217.83325 121249516661.67802
4594801815474.805 4989337861784.909
2257110236478.04 178616404581.46924
2258472446922.7715 179265449526.82578
2258293520341.9204 178999559591.94608
2256351140501.233 177612847714.08228
2084691857440.8608 85054876882.3885
2608700544855.118 3543838066580.4946
final touple:

successfully submitted
the vector we are submitting [ 0.00000000e+00 -1.10358802e-12 -1.78433788e-13  4.61989288e-11
 -1.33988605e-10 -7.32322602e-16  6.46826457e-16  1.54666871e-05
 -1.31584434e-06 -7.54597257e-09  5.30760917e-10]


<pos 99>
41467252332988.05

successfully submitted
the vector we are submitting [ 0.00000000e+00 -8.76397648e-13 -1.56167300e-13  1.64359630e-11
 -6.00587827e-11 -1.39984682e-15  6.50367901e-16  9.90781522e-06
 -2.04740087e-06 -1.09181323e-08  9.98134953e-10]


862752556795.7941 1216485887921.8127
1330750223895.469 342049165911.5355
6673872023904.192 17487468754395.818
963357823522.1735 622280132114.2485
190752830803805.22 352498023830372.1
1034189595908.3474 563790859371.2183
868279768352.4371 1181366585950.8179
138269089336.88293 659160621761.3644
862977825550.9308 1218513202388.7383
1033862538482.0563 567342310370.6981
