[ 0.00000000e+00, -3.83214856e-13,  0.00000000e+00,  0.00000000e+00,
 -2.49312245e-11, -2.57956387e-16,  1.32410240e-16,  0.00000000e+00,
 -4.54716107e-07,  0.00000000e+00,  1.48707293e-10],
 [ 0.00000000e+00,  0.00000000e+00,  0.00000000e+00,  0.00000000e+00,
 -1.30176869e-11, -9.74889301e-17,  9.59699051e-17,  0.00000000e+00,
 -2.89605494e-07,  0.00000000e+00,  7.96466409e-11],
 [ 0.00000000e+00,  0.00000000e+00,  0.00000000e+00,  0.00000000e+00,
  0.00000000e+00,  0.00000000e+00,  6.03306935e-17,  0.00000000e+00,
 -2.27392840e-07,  0.00000000e+00,  2.77735368e-11],
 [ 0.00000000e+00,  0.00000000e+00,  0.00000000e+00,  0.00000000e+00,
  0.00000000e+00, -2.65735476e-17,  4.65042858e-17,  0.00000000e+00,
 -1.45999850e-07,  0.00000000e+00,  8.74228439e-12],
 [ 0.00000000e+00,  0.00000000e+00,  0.00000000e+00,  0.00000000e+00,
  0.00000000e+00, -8.38963751e-18,  2.21746467e-17,  0.00000000e+00,
 -1.02503979e-07,  0.00000000e+00,  0.00000000e+00],
 [ 0.00000000e+00,  0.00000000e+00,  0.00000000e+00,  0.00000000e+00,
  0.00000000e+00, -3.57167931e-18,  8.16543895e-18,  0.00000000e+00,
 -7.82521075e-08,  0.00000000e+00,  0.00000000e+00],
 [ 0.00000000e+00, -4.25687373e-13,  0.00000000e+00,  0.00000000e+00,
  0.00000000e+00,  0.00000000e+00,  2.42543531e-16,  0.00000000e+00,
 -8.47269128e-07,  0.00000000e+00,  2.74080085e-10],
 [ 0.00000000e+00, -1.99209627e-13,  0.00000000e+00,  0.00000000e+00,
  0.00000000e+00,  0.00000000e+00,  0.00000000e+00,  0.00000000e+00,
 -4.92336929e-07,  0.00000000e+00,  1.25205082e-10],
 [ 0.00000000e+00,  0.00000000e+00,  0.00000000e+00,  2.12715146e-12,
  0.00000000e+00,  0.00000000e+00,  5.76239024e-17,  0.00000000e+00,
 -1.51815222e-07,  0.00000000e+00,  0.00000000e+00],
 [ 0.0000000e+00,  0.0000000e+00,  0.0000000e+00,  0.0000000e+00,
  0.0000000e+00,  0.0000000e+00,  0.0000000e+00,  0.0000000e+00,
 -8.2408948e-08,  0.0000000e+00,  0.0000000e+00]