3228754005336.5023224119505525.4153094048957796.27543087671776451.43553080471237194.05373078854496191.5893076865457425.5393070670159416.7483069443375001.0683054442709610.9912031280283262.183
2031280283262.183
380056139350.9967
379995925345.8389
379642131006.60046
2031280283262.183
2031280283262.183
2031280283262.183
2031280283262.183
2031280283262.183
2031280283262.183
990962449844.5159
986748623165.7777
986643220422.1869
2031280283262.183
2031280283262.183
3419859023552.35
197647115814.93103
275935289781.30975
914079808454.3988
657668193078.2698
