327071264203.617
1082421012441.4586
503538951697.2674
645813166280.9044
903312450749.8975
826262254832.0594
867601347665.2164
984830624107.2292
1135541068254.7993
1417189776830.6284
1544381003994.8843
1648567256462.5342
1778305845557.6294
1923692074130.5906
1995441577967.649
2010243221251.6177
2017321136128.0347



1122178268180.4683
847086228448.1702
1020644743210.4082
923671699980.1826
957715537453.2356
1142978730285.5464
343645473054.7557
637985004581.1165
622441183165.3357
838013273015.3179
427747581812.76465
633909551518.1217
673628133647.3273
753393662163.241
1612830931135.7004
522082113719.7668
739443305897.923
