7419116386996.9797408318383316.9757201993933259.1757187612536419.7847171128537763.9457167621335155.5917163075118983.0267148312226208.3597145871398625.627111671947127.3493624979221727.6943
3624979221727.6943
278617863405.55756
278338497351.58575
278473103846.1543
3624979221727.6943
3624979221727.6943
3624979221727.6943
3624979221727.6943
3624979221727.6943
3624979221727.6943
2640296917418.061
2629888905663.1396
2629550527878.3633
3624979221727.6943
3624979221727.6943
3303825695684.1
test = 1718450628704.417  599923502486.2373
820124719944.5864  291146675720.4166
1208352182774.2905  583444450862.6018
471440795354.94336
