142973022476.9093
1125096462585.7534
278383523025.10846
478244556566.3873
541019598093.42206
536374063163.4048
742707041836.3104
1119950451109.9531
1522275372759.7292
2212755376710.411
2512502182417.678
2754538500117.6606
3052479518699.992
3382683473214.466
3544443921599.682
3577726077513.4907
3593630830658.9404



1184147052051.7231
938664142659.291
873109373400.9108
556090001074.559
1043377948872.5485
1541239976720.9292
276779024018.65564
403222043898.8519
1213577572019.3677
682476393912.5103
306485220617.3805
633437483147.7782
770332209522.178
459518772836.4004
2642301768122.139
688554180407.8638
695791236823.7155
7695523426333.533
2988454579598.6953
