[ 0.00000000e+00  0.00000000e+00  0.00000000e+00  0.00000000e+00
  0.00000000e+00  0.00000000e+00  0.00000000e+00  0.00000000e+00
  0.00000000e+00 -1.32424665e-09  0.00000000e+00][ 0.00000000e+00 -5.89013772e-13 -1.53330864e-13  1.84498492e-11
 -8.14887390e-11 -6.37765278e-16  0.00000000e+00  1.49693558e-05
 -1.32922403e-06  0.00000000e+00  4.84710687e-10][ 0.00000000e+00 -5.88852394e-13 -1.53361131e-13  0.00000000e+00
 -8.15097422e-11 -6.37765278e-16  0.00000000e+00  1.49683602e-05
 -1.32947624e-06  0.00000000e+00  4.84760893e-10][ 0.00000000e+00 -5.88903385e-13 -1.53350369e-13  1.84477231e-11
 -8.14952666e-11 -7.09326096e-16  0.00000000e+00  1.49697247e-05
 -1.32958254e-06  0.00000000e+00  4.84760893e-10][ 0.00000000e+00  0.00000000e+00  0.00000000e+00  0.00000000e+00
 -1.09181527e-10 -7.09383265e-16  0.00000000e+00  1.49709243e-05
 -1.32958254e-06  0.00000000e+00  4.84659034e-10][ 0.00000000e+00  0.00000000e+00  0.00000000e+00  0.00000000e+00
 -1.09172143e-10 -7.09383265e-16  0.00000000e+00  1.49704246e-05
 -1.32972692e-06  0.00000000e+00  4.84620515e-10][ 0.00000000e+00 -5.89053306e-13 -1.53432512e-13  0.00000000e+00
 -1.09172143e-10 -7.09467697e-16  0.00000000e+00  1.49692330e-05
 -1.32975047e-06  0.00000000e+00  4.84620515e-10][ 0.00000000e+00 -5.88830864e-13 -1.53336383e-13  1.84460721e-11
 -8.14960007e-11 -7.09220639e-16  0.00000000e+00  1.49660211e-05
 -1.32975099e-06  0.00000000e+00  4.84616232e-10][ 0.00000000e+00 -5.89201055e-13 -1.53412472e-13  0.00000000e+00
 -1.09176704e-10 -7.09605906e-16  0.00000000e+00  1.49717413e-05
 -1.33016333e-06  0.00000000e+00  4.84655301e-10][ 0.00000000e+00 -5.88655620e-13  0.00000000e+00  0.00000000e+00
 -1.09172742e-10 -7.09447563e-16  0.00000000e+00  1.49696807e-05
 -1.32998658e-06  0.00000000e+00  4.84578856e-10][ 0.00000000e+00 -5.89269571e-13 -1.53408464e-13  0.00000000e+00
 -1.09138778e-10 -7.09470947e-16  0.00000000e+00  1.49717413e-05
 -1.33011443e-06  0.00000000e+00  4.84396171e-10][0. 0. 0. 0. 0. 0. 0. 0. 0. 0. 0.][0. 0. 0. 0. 0. 0. 0. 0. 0. 0. 0.][0. 0. 0. 0. 0. 0. 0. 0. 0. 0. 0.][ 0.00000000e+00  0.00000000e+00 -1.24432838e-13  1.74388697e-11
 -1.07215800e-10  0.00000000e+00  3.89208084e-16  9.14929856e-06
 -1.49989119e-06 -1.13952604e-08  7.42167240e-10][ 0.00000000e+00  0.00000000e+00 -1.24429382e-13  1.74405690e-11
 -1.07214591e-10  0.00000000e+00  3.89223129e-16  9.14929856e-06
 -1.49962766e-06 -1.13941598e-08  7.42058532e-10][ 0.00000000e+00  0.00000000e+00 -1.24429382e-13  1.74423368e-11
 -1.07218085e-10  0.00000000e+00  3.89208084e-16  9.15198476e-06
 -1.49989119e-06 -1.13923945e-08  7.42058532e-10][0. 0. 0. 0. 0. 0. 0. 0. 0. 0. 0.][0. 0. 0. 0. 0. 0. 0. 0. 0. 0. 0.][0. 0. 0. 0. 0. 0. 0. 0. 0. 0. 0.][0. 0. 0. 0. 0. 0. 0. 0. 0. 0. 0.][0. 0. 0. 0. 0. 0. 0. 0. 0. 0. 0.][0. 0. 0. 0. 0. 0. 0. 0. 0. 0. 0.][ 0.00000000e+00 -1.02537889e-12  0.00000000e+00  0.00000000e+00
 -8.31736075e-11 -1.38382248e-15  3.33804217e-16  1.48957724e-05
 -1.43822731e-06 -1.22093340e-08  7.61660362e-10][ 0.00000000e+00 -1.02519293e-12  0.00000000e+00  0.00000000e+00
 -8.31788328e-11 -1.38425791e-15  3.33804217e-16  1.48936777e-05
 -1.43822731e-06 -1.22093340e-08  7.61575918e-10][ 0.00000000e+00 -9.91561339e-13  0.00000000e+00  0.00000000e+00
  0.00000000e+00 -1.38406321e-15  3.33804217e-16  1.48961608e-05
 -1.43822731e-06 -1.22107462e-08  7.61575918e-10][0. 0. 0. 0. 0. 0. 0. 0. 0. 0. 0.][0. 0. 0. 0. 0. 0. 0. 0. 0. 0. 0.][ 0.00000000e+00 -1.05121403e-12  0.00000000e+00  3.69331801e-11
 -8.53563077e-11 -5.61903720e-16  6.50812198e-16  0.00000000e+00
 -7.95131936e-07 -1.17495340e-08  6.00246050e-10][ 0.00000000e+00 -6.99198182e-13 -7.90607267e-14  2.83002249e-11
 -7.43742319e-11  0.00000000e+00  0.00000000e+00  7.30965762e-06
 -7.84946191e-07  0.00000000e+00  2.37843144e-10][ 0.00000000e+00 -3.62011858e-13 -5.07730031e-14  1.01963145e-11
 -4.16629451e-11  0.00000000e+00  0.00000000e+00  4.95782866e-06
 -5.18341552e-07  0.00000000e+00  1.23897053e-10][ 0.00000000e+00  0.00000000e+00  0.00000000e+00  7.44858966e-12
  0.00000000e+00  0.00000000e+00  0.00000000e+00  0.00000000e+00
 -3.02356518e-07  0.00000000e+00  5.50195582e-11][ 0.00000000e+00 -1.14791644e-13 -8.92476585e-15  2.91971506e-12
 -1.29470157e-11  0.00000000e+00  0.00000000e+00  1.69881486e-06
 -2.39528551e-07  0.00000000e+00  2.91474457e-11]