[ 0.00000000e+00 -1.07032540e-12 -1.17294628e-13  1.65692935e-11
 -1.08235871e-10 -1.27912599e-15  4.34231377e-16  0.00000000e+00
 -1.27766352e-06 -1.13125023e-08  7.72376326e-10]104[ 0.00000000e+00  0.00000000e+00  0.00000000e+00  2.82907723e-11
 -6.26397580e-11 -1.27901279e-15  3.33125484e-16  1.27556977e-05
 -8.70867289e-07 -4.99642916e-09  3.53803994e-10]40[ 0.00000000e+00  0.00000000e+00  0.00000000e+00  2.82907723e-11
 -6.26397580e-11 -1.27916147e-15  3.33067250e-16  1.27556977e-05
 -8.70867289e-07 -4.99642916e-09  3.53803994e-10] 40
 [ 0.00000000e+00 -1.07040828e-12 -1.17294628e-13  2.82907723e-11
 -6.26397580e-11 -1.27898551e-15  3.33067250e-16  1.27573773e-05
 -8.71004898e-07 -4.99642916e-09  3.53803994e-10][ 0.00000000e+00  0.00000000e+00  0.00000000e+00  2.82907723e-11
 -6.26365169e-11 -1.27898551e-15  3.33067250e-16  1.27585604e-05
 -8.71204633e-07 -4.99574938e-09  3.53803662e-10][ 0.00000000e+00  0.00000000e+00  0.00000000e+00  2.82949878e-11
 -6.26282664e-11 -1.27973447e-15  3.33082614e-16  1.27532641e-05
 -8.70993668e-07 -4.99710095e-09  3.53765732e-10]