[ 0.00000000e+00 -1.05782886e-12 -1.71643925e-13  2.65536611e-11
  0.00000000e+00 -1.22370475e-15  3.65912746e-16  0.00000000e+00
 -1.38790726e-06 -7.48962800e-09  7.08731069e-10] - 105[ 0.00000000e+00 -1.05797825e-12 -1.71643925e-13  2.65483701e-11
  0.00000000e+00 -1.22380804e-15  3.65956271e-16  0.00000000e+00
 -1.38799803e-06 -7.49028506e-09  7.08841409e-10][ 0.00000000e+00 -1.05780203e-12 -1.71643925e-13  2.65483701e-11
  0.00000000e+00 -1.22380804e-15  3.65956271e-16  0.00000000e+00
 -1.38799803e-06 -7.49028506e-09  7.08955604e-10]



 next run[ 0.00000000e+00 -1.45799022e-12 -2.28980078e-13  4.62010753e-11
 -1.75189935e-10 -1.83669770e-15  8.52944060e-16  2.29423303e-05
 -2.04721003e-06 -1.59792834e-08  9.98048918e-10][ 0.00000000e+00 -8.73940092e-13  0.00000000e+00  0.00000000e+00
 -6.41927783e-11 -6.17432432e-16  6.56621333e-16  1.05584894e-05
 -1.25062069e-06  0.00000000e+00  3.29954950e-10][ 0.00000000e+00 -8.73940092e-13  0.00000000e+00  0.00000000e+00
 -6.41893145e-11 -6.17538058e-16  6.56791268e-16  1.05576047e-05
 -1.25027559e-06  0.00000000e+00  3.29954950e-10][ 0.00000000e+00 -8.73940092e-13  0.00000000e+00  0.00000000e+00
 -6.41893145e-11 -6.17538058e-16  6.56791268e-16  1.05576047e-05
 -1.25027559e-06  0.00000000e+00  3.29954950e-10][ 0.00000000e+00 -8.73940092e-13  0.00000000e+00  0.00000000e+00
 -6.41893145e-11 -6.17538058e-16  6.56791268e-16  1.05576047e-05
 -1.25027559e-06  0.00000000e+00  3.29954950e-10][ 0.00000000e+00 -8.73886038e-13  0.00000000e+00  0.00000000e+00
 -9.46077550e-11 -6.17577252e-16  6.56791268e-16  1.05576047e-05
 -1.25002778e-06  0.00000000e+00  3.30017525e-10][ 0.00000000e+00  0.00000000e+00  0.00000000e+00  0.00000000e+00
 -9.46253737e-11 -6.17509515e-16  6.56837281e-16  1.05576047e-05
 -1.25002778e-06  0.00000000e+00  3.30017525e-10][ 0.00000000e+00 -8.73667542e-13  0.00000000e+00  0.00000000e+00
 -6.42020824e-11 -6.17577252e-16  6.56865784e-16  1.05576047e-05
 -1.24978367e-06  0.00000000e+00  3.30017525e-10][ 0.00000000e+00 -8.73815039e-13  0.00000000e+00  0.00000000e+00
 -6.42020824e-11 -6.17577252e-16  6.56865784e-16  1.05576047e-05
 -1.24978367e-06  0.00000000e+00  3.30017525e-10]