[ 0.00000000e+00 -7.98349104e-13  0.00000000e+00  0.00000000e+00
 -8.22517992e-11 -1.35917623e-15  3.81234323e-16  1.12429544e-05
 -1.62309475e-06 -9.07199766e-09  7.56733298e-10] -75[ 0.00000000e+00 -7.98349104e-13  0.00000000e+00  0.00000000e+00
 -8.22517992e-11 -1.35901066e-15  3.81278375e-16  1.12429544e-05
 -1.62309475e-06 -9.07207009e-09  7.56733298e-10]
 
 proper run with 11
 [ 0.00000000e+00 -8.42340916e-13 -9.87128763e-14  2.54174049e-11
 -8.22517992e-11 -1.35917623e-15  3.81291619e-16  1.12438038e-05
 -1.62309475e-06 -9.07207009e-09  7.56733298e-10]17
 
 [ 0.00000000e+00 -7.98349104e-13  0.00000000e+00  0.00000000e+00
 -8.22517992e-11 -1.35917623e-15  3.81278375e-16  1.12429544e-05
 -1.62348416e-06 -9.07199766e-09  7.56623168e-10]17
 
 [ 0.00000000e+00 -8.42404886e-13 -9.87128763e-14  2.54174049e-11
 -8.22610578e-11 -1.35896937e-15  3.81291619e-16  1.12425565e-05
 -1.62309475e-06 -9.07270410e-09  7.56582393e-10]18