17
[ 0.00000000e+00 -1.08139847e-12 -7.98642326e-14  2.31540475e-11
 -1.21451202e-10 -8.60992426e-16  6.83533856e-16  1.89925768e-05
 -1.36714781e-06 -6.75754594e-09  5.14013169e-10][ 0.00000000e+00 -1.08139847e-12 -7.98509940e-14  2.31606060e-11
 -1.21455897e-10 -8.60992426e-16  6.83533856e-16  1.89928032e-05
 -1.36696896e-06 -6.75754594e-09  5.14013169e-10][ 0.00000000e+00 -1.08142473e-12 -7.98520088e-14  2.31526337e-11
 -1.21451202e-10 -8.60992426e-16  6.83533856e-16  1.89924101e-05
 -1.36704082e-06 -6.75754594e-09  5.14076477e-10]16[ 0.00000000e+00 -1.08143280e-12 -7.98410005e-14  2.31520824e-11
 -1.21459868e-10 -8.60992426e-16  6.83533856e-16  1.89924711e-05
 -1.36660483e-06 -6.75701111e-09  5.14109485e-10][ 0.00000000e+00 -1.08143280e-12 -7.98510219e-14  2.31520824e-11
 -1.21461211e-10 -8.60992426e-16  6.83533856e-16  1.89923509e-05
 -1.36660483e-06 -6.75701111e-09  5.14082314e-10][ 0.00000000e+00 -1.08139450e-12 -7.98406063e-14  2.31554651e-11
 -1.21464211e-10 -8.61141288e-16  6.83293632e-16  1.89980567e-05
 -1.36660514e-06 -6.75921945e-09  5.14123887e-10][ 0.00000000e+00 -1.08131900e-12 -7.98509279e-14  2.31506569e-11
 -1.21485103e-10 -8.60992426e-16  6.83192633e-16  1.89923509e-05
 -1.36643084e-06 -6.75701111e-09  5.14138801e-10][ 0.00000000e+00 -1.08131900e-12 -7.98355050e-14  2.31462941e-11
 -1.21463839e-10 -8.60992426e-16  6.83107995e-16  1.89923509e-05
 -1.36623474e-06 -6.75701111e-09  5.14138801e-10][ 0.00000000e+00 -1.08131900e-12 -7.98355050e-14  2.31462941e-11
 -1.21463839e-10 -8.60992426e-16  6.83107995e-16  1.89923509e-05
 -1.36619968e-06 -6.75701111e-09  5.14138801e-10]