[ 0.00000000e+00 -1.45799022e-12 -2.28980078e-13  4.62010753e-11
 -1.75214813e-10 -1.83669770e-15  8.52944060e-16  2.29423303e-05
 -2.04760228e-06 -1.59792834e-08  9.98079426e-10][ 0.00000000e+00 -1.45799022e-12 -2.28980078e-13  4.62010753e-11
 -1.75214813e-10 -1.83669770e-15  8.52944060e-16  2.29423303e-05
 -2.04721003e-06 -1.59792834e-08  9.98155604e-10][ 0.00000000e+00 -1.45796345e-12 -2.28960442e-13  4.62010753e-11
 -1.75214813e-10 -1.83675862e-15  8.53062318e-16  2.29385704e-05
 -2.04721003e-06 -1.59792834e-08  9.98204616e-10][ 0.00000000e+00 -9.49690852e-13 -1.60659669e-13  3.58116301e-11
 -1.16800134e-10 -1.17997704e-15  4.54500343e-16  1.38552792e-05
 -1.01294382e-06 -4.86047178e-09  3.29820999e-10]

 with probab 11
 
 [ 0.00000000e+00 -7.05927012e-13 -1.79909491e-13  1.77452125e-11
 -1.08442742e-10 -1.17974780e-15  4.54500343e-16  1.38532940e-05
 -1.01294382e-06 -4.86047178e-09  3.29893856e-10]17
 
 [ 0.00000000e+00 -7.05951240e-13 -1.79851257e-13  3.58127856e-11
 -1.16797869e-10 -1.17997704e-15  4.54498480e-16  1.38532940e-05
 -1.01274243e-06 -4.85964208e-09  3.29918582e-10] 17
 
 [ 0.00000000e+00 -7.05951240e-13 -1.79851257e-13  3.58095562e-11
 -1.16797869e-10 -1.17997704e-15  4.54498480e-16  1.38532940e-05
 -1.01274243e-06 -4.85964208e-09  3.29918582e-10] 17
 
 [ 0.00000000e+00 -9.49749089e-13 -1.60649349e-13  3.58163971e-11
 -1.16803051e-10 -1.17997704e-15  4.54531595e-16  1.38526653e-05
 -1.01274820e-06 -4.85884499e-09  3.29918582e-10] 18
 
  [ 0.00000000e+00 -9.49661811e-13 -1.60649349e-13  3.58163971e-11
 -1.16786392e-10 -1.17997704e-15  4.54531595e-16  1.38526653e-05
 -1.01274820e-06 -4.85884499e-09  3.29918582e-10] 18
 
 [ 0.00000000e+00 -7.06030892e-13 -1.79878534e-13  1.77486919e-11
 -1.08426877e-10 -1.17982992e-15  4.54438395e-16  1.38517692e-05
 -1.01266729e-06 -4.85981330e-09  3.29918582e-10] 18
 
 [ 0.00000000e+00 -7.05944595e-13 -1.79878534e-13  1.77486919e-11
 -1.08444955e-10 -1.18018049e-15  4.54531595e-16  1.38505197e-05
 -1.01248344e-06 -4.85964208e-09  3.29918582e-10] 19
 
 [ 0.00000000e+00 -7.06030892e-13 -1.79878596e-13  1.77477791e-11
 -1.08426877e-10 -1.17982992e-15  4.54563465e-16  1.38505197e-05
 -1.01248344e-06 -4.85997639e-09  3.29921207e-10]18
 
 [ 0.00000000e+00 -9.49661811e-13 -1.60712494e-13  3.58244156e-11
 -1.16802631e-10 -1.17997704e-15  4.54531595e-16  1.38494721e-05
 -1.01223209e-06 -4.85964208e-09  3.29918582e-10] 18
 
 [ 0.00000000e+00 -9.49499742e-13 -1.60712494e-13  3.58244156e-11
 -1.16802631e-10 -1.17997704e-15  4.54531595e-16  1.38494721e-05
 -1.01223209e-06 -4.85964208e-09  3.29918582e-10] 18
 
 [ 0.00000000e+00 -9.49673353e-13 -1.60698636e-13  3.58244156e-11
 -1.16802631e-10 -1.17997704e-15  4.54455736e-16  1.38473505e-05
 -1.01200929e-06 -4.85923771e-09  3.29874716e-10] 18
 
 [ 0.00000000e+00 -9.49673353e-13 -1.60708577e-13  3.58188565e-11
 -1.16810909e-10 -1.18006884e-15  4.54531595e-16  1.38471152e-05
 -1.01204128e-06 -4.86059654e-09  3.29956360e-10] 18