[ 0.00000000e+00 -9.81125508e-13 -1.74567473e-13  3.29454362e-11
 -1.40052403e-10 -1.13505460e-15  3.89777512e-16  1.78118706e-05
 -1.40169414e-06 -7.74308362e-09  5.59597732e-10]
 [ 0.00000000e+00 -7.54237332e-13  0.00000000e+00  0.00000000e+00
 -4.90169419e-11 -6.90659023e-16  1.94474672e-16  9.85797968e-06
 -1.06386192e-06 -4.46580444e-09  3.82434883e-10]
 [ 0.00000000e+00 -3.83214856e-13  0.00000000e+00  0.00000000e+00
 -2.49312245e-11 -2.57956387e-16  1.32410240e-16  0.00000000e+00
 -4.54716107e-07  0.00000000e+00  1.48707293e-10]
 [ 0.00000000e+00  0.00000000e+00  0.00000000e+00  0.00000000e+00
 -1.30176869e-11 -9.74889301e-17  9.59699051e-17  0.00000000e+00
 -2.89605494e-07  0.00000000e+00  7.96466409e-11]
 [ 0.00000000e+00  0.00000000e+00  0.00000000e+00  0.00000000e+00
  0.00000000e+00  0.00000000e+00  6.03306935e-17  0.00000000e+00
 -2.27392840e-07  0.00000000e+00  2.77735368e-11]
 [ 0.00000000e+00  0.00000000e+00  0.00000000e+00  0.00000000e+00
  0.00000000e+00 -2.65735476e-17  4.65042858e-17  0.00000000e+00
 -1.45999850e-07  0.00000000e+00  8.74228439e-12]
 [ 0.00000000e+00  0.00000000e+00  0.00000000e+00  0.00000000e+00
  0.00000000e+00 -8.38963751e-18  2.21746467e-17  0.00000000e+00
 -1.02503979e-07  0.00000000e+00  0.00000000e+00]
 [ 0.00000000e+00  0.00000000e+00  0.00000000e+00  0.00000000e+00
  0.00000000e+00 -3.57167931e-18  8.16543895e-18  0.00000000e+00
 -7.82521075e-08  0.00000000e+00  0.00000000e+00]
 [ 0.00000000e+00  0.00000000e+00  0.00000000e+00  0.00000000e+00
  0.00000000e+00  0.00000000e+00  0.00000000e+00  0.00000000e+00
 -6.03103217e-08  0.00000000e+00  0.00000000e+00]
 [ 0.00000000e+00  0.00000000e+00  0.00000000e+00  0.00000000e+00
  0.00000000e+00  0.00000000e+00  0.00000000e+00  0.00000000e+00
 -3.65158358e-08  0.00000000e+00  0.00000000e+00]
 [ 0.00000000e+00  0.00000000e+00  0.00000000e+00  0.00000000e+00
  0.00000000e+00  0.00000000e+00  0.00000000e+00  0.00000000e+00
 -2.77589952e-08  0.00000000e+00  0.00000000e+00]
 [ 0.00000000e+00  0.00000000e+00  0.00000000e+00  0.00000000e+00
  0.00000000e+00  0.00000000e+00  0.00000000e+00  0.00000000e+00
 -2.11618816e-08  0.00000000e+00  0.00000000e+00]
 [ 0.00000000e+00  0.00000000e+00  0.00000000e+00  0.00000000e+00
  0.00000000e+00  0.00000000e+00  0.00000000e+00  0.00000000e+00
 -1.35161957e-08  0.00000000e+00  0.00000000e+00]
 [ 0.00000000e+00  0.00000000e+00  0.00000000e+00  0.00000000e+00
  0.00000000e+00  0.00000000e+00  0.00000000e+00  0.00000000e+00
 -5.55323544e-09  0.00000000e+00  0.00000000e+00]
 [ 0.00000000e+00  0.00000000e+00  0.00000000e+00  0.00000000e+00
  0.00000000e+00  0.00000000e+00  0.00000000e+00  0.00000000e+00
 -1.82087031e-09  0.00000000e+00  0.00000000e+00]
 [ 0.00000000e+00  0.00000000e+00  0.00000000e+00  0.00000000e+00
  0.00000000e+00  0.00000000e+00  0.00000000e+00  0.00000000e+00
 -1.06546087e-09  0.00000000e+00  0.00000000e+00]
 [ 0.00000000e+00  0.00000000e+00  0.00000000e+00  0.00000000e+00
  0.00000000e+00  0.00000000e+00  0.00000000e+00  0.00000000e+00
 -7.05925286e-10  0.00000000e+00  0.00000000e+00]
 [ 0.00000000e+00 -9.39420589e-13 -8.68841030e-14  1.81070318e-11
  0.00000000e+00 -7.82067997e-16  3.49495799e-16  0.00000000e+00
 -1.33011071e-06 -8.40966612e-09  7.37338277e-10]
 [ 0.00000000e+00 -4.25687373e-13  0.00000000e+00  0.00000000e+00
  0.00000000e+00  0.00000000e+00  2.42543531e-16  0.00000000e+00
 -8.47269128e-07  0.00000000e+00  2.74080085e-10]
 [ 0.00000000e+00 -1.99209627e-13  0.00000000e+00  0.00000000e+00
  0.00000000e+00  0.00000000e+00  0.00000000e+00  0.00000000e+00
 -4.92336929e-07  0.00000000e+00  1.25205082e-10]
 [ 0.00000000e+00  0.00000000e+00  0.00000000e+00  2.12715146e-12
  0.00000000e+00  0.00000000e+00  5.76239024e-17  0.00000000e+00
 -1.51815222e-07  0.00000000e+00  0.00000000e+00]
 [ 0.0000000e+00  0.0000000e+00  0.0000000e+00  0.0000000e+00
  0.0000000e+00  0.0000000e+00  0.0000000e+00  0.0000000e+00
 -8.2408948e-08  0.0000000e+00  0.0000000e+00]
 [ 0.00000000e+00  0.00000000e+00  0.00000000e+00  5.48059046e-13
  0.00000000e+00  0.00000000e+00  2.01874859e-17  0.00000000e+00
 -5.95615855e-08  0.00000000e+00  0.00000000e+00][ 0.00000000e+00 -1.02126392e-12  0.00000000e+00  0.00000000e+00
  0.00000000e+00  0.00000000e+00  3.03725513e-16  1.42501033e-05
 -1.55756951e-06 -4.84856531e-09  5.70811979e-10][ 0.00000000e+00 -7.98366562e-13  0.00000000e+00  0.00000000e+00
  0.00000000e+00  0.00000000e+00  9.92745175e-17  0.00000000e+00
 -8.41560166e-07 -2.18105386e-09  3.28368140e-10][ 0.00000000e+00  0.00000000e+00  0.00000000e+00  2.31324574e-12
  0.00000000e+00  0.00000000e+00  0.00000000e+00  4.76738390e-06
 -6.44290643e-07 -2.23649356e-09  2.58519509e-10][ 0.00000000e+00 -1.90102682e-13  0.00000000e+00  0.00000000e+00
  0.00000000e+00  0.00000000e+00  0.00000000e+00  0.00000000e+00
 -2.43985499e-07 -1.06609785e-09  8.82194993e-11][ 0.00000000e+00  0.00000000e+00  0.00000000e+00  1.87400330e-11
  0.00000000e+00 -7.12509585e-16  0.00000000e+00  0.00000000e+00
 -1.46781640e-06 -6.31604950e-09  7.17043372e-10][ 0.00000000e+00  0.00000000e+00  0.00000000e+00  0.00000000e+00
  0.00000000e+00 -3.22455889e-16  0.00000000e+00  0.00000000e+00
 -6.34576077e-07 -1.96782484e-09  2.86948394e-10][ 0.00000000e+00  0.00000000e+00  0.00000000e+00  0.00000000e+00
  0.00000000e+00 -1.53835310e-16  0.00000000e+00  0.00000000e+00
 -3.41099982e-07  0.00000000e+00  1.14336515e-10][ 0.00000000e+00  0.00000000e+00  0.00000000e+00  0.00000000e+00
  0.00000000e+00 -1.15296868e-16  0.00000000e+00  0.00000000e+00
 -2.24177217e-07  0.00000000e+00  4.33836808e-11][ 0.00000000e+00 -1.15690861e-12 -1.36458753e-13  0.00000000e+00
  0.00000000e+00 -8.32555638e-16  2.68825415e-16  0.00000000e+00
  0.00000000e+00  0.00000000e+00  0.00000000e+00][ 0.00000000e+00 -3.15209426e-13  0.00000000e+00  1.14726033e-11
 -7.47899878e-11 -4.53225542e-16  0.00000000e+00  0.00000000e+00
 -5.41155011e-07  0.00000000e+00  2.06881895e-10][ 0.00000000e+00 -2.49981958e-13  0.00000000e+00  4.20345432e-12
  0.00000000e+00 -2.82694166e-16  0.00000000e+00  0.00000000e+00
 -2.60667541e-07  0.00000000e+00  7.60814313e-11][ 0.00000000e+00 -7.77622462e-13 -1.57588864e-13  2.27011819e-11
 -8.11448759e-11 -7.99454550e-16  3.98230972e-16  1.23257248e-05
 -8.05376867e-07 -9.59056363e-09  4.85425168e-10][ 0.00000000e+00  0.00000000e+00 -7.53244233e-14  1.41959398e-11
 -5.20763067e-11  0.00000000e+00  0.00000000e+00  0.00000000e+00
 -2.62956889e-07  0.00000000e+00  0.00000000e+00]