[ 0.00000000e+00 -3.08145566e-13 -2.25973269e-14  1.07433935e-11
 -3.38616106e-11 -5.47031128e-16  1.87447360e-16  1.06616135e-05
 -1.08042039e-06 -4.23171861e-09  3.88206582e-10] - accidental vector position 4 , continously ran after last putting gen==1

 [ 0.00000000e+00 -1.31528332e-13 -1.49039797e-14  4.15608381e-12
 -2.40042739e-11 -3.60193511e-16  1.47346788e-16  3.70491022e-06
 -6.70933481e-07 -1.66861892e-09  2.34455992e-10] - just test 48


 ---------------------[ 0.00000000e+00 -7.12100201e-13 -1.20838706e-13  1.73663303e-11
 -6.02935936e-11 -9.00492096e-16  4.03889274e-16  1.80073578e-05
 -1.14722872e-06 -1.18277289e-08  5.19084802e-10]
 
 ------------------------------------------
 
 
 making 0.9 as upper limit
 
 [ 0.00000000e+00 -1.18102384e-12 -1.24427166e-13  3.83025999e-11
 -1.17864982e-10 -1.03047910e-15  7.32614079e-16  2.01759880e-05
 -1.03501737e-06 -7.04534959e-09  3.88636306e-10] - 5
 [ 0.00000000e+00 -1.18123114e-12 -1.24422997e-13  3.83025999e-11
 -1.17851771e-10 -1.03047910e-15  7.32614079e-16  2.01764990e-05
 -1.03501737e-06 -7.04577716e-09  3.88636306e-10]- 4[ 0.00000000e+00 -1.18097597e-12 -1.24422595e-13  3.83049040e-11
 -1.17876720e-10 -1.03047910e-15  7.32676396e-16  2.01756696e-05
 -1.03516315e-06 -7.04534959e-09  3.88628833e-10] -5 
 [ 0.00000000e+00 -1.18097597e-12 -1.24422595e-13  3.83049040e-11
 -1.17876720e-10 -1.03047910e-15  7.32676396e-16  2.01756696e-05
 -1.03516315e-06 -7.04534959e-09  3.88628833e-10] - 4
 [ 0.00000000e+00 -1.18123114e-12 -1.24408974e-13  3.83100030e-11
 -1.17864982e-10 -1.03034914e-15  7.32614079e-16  2.01698674e-05
 -1.03509183e-06 -7.04708628e-09  3.88636306e-10] - 4
 [ 0.00000000e+00 -1.18123114e-12 -1.24408974e-13  3.83100030e-11
 -1.17864982e-10 -1.03034914e-15  7.32614079e-16  2.01698674e-05
 -1.03509183e-06 -7.04708628e-09  3.88636306e-10] - 4
 [ 0.00000000e+00 -1.18146526e-12 -1.24458218e-13  3.83066693e-11
 -1.17851771e-10 -1.03021346e-15  7.32595412e-16  2.01701315e-05
 -1.03506366e-06 -7.04681501e-09  3.88553862e-10] - 4
 [ 0.00000000e+00 -1.18123114e-12 -1.24408974e-13  3.83140939e-11
 -1.17864982e-10 -1.03047910e-15  7.32573977e-16  2.01704791e-05
 -1.03524277e-06 -7.04469657e-09  3.88560818e-10] - 4
 [ 0.00000000e+00 -1.18080082e-12 -1.24413813e-13  3.82962666e-11
 -1.17878488e-10 -1.03047486e-15  7.32447229e-16  2.01650687e-05
 -1.03539818e-06 -7.04492926e-09  3.88637441e-10] 4
  [ 0.00000000e+00 -1.18080082e-12 -1.24413813e-13  3.82962666e-11
 -1.17866601e-10 -1.03047486e-15  7.32447229e-16  2.01650687e-05
 -1.03539818e-06 -7.04492926e-09  3.88560818e-10] 4