[ 0.00000000e+00 -8.53685370e-13 -2.02863535e-13  1.94707205e-11
 -5.89779289e-11 -1.58071185e-15  7.47176393e-16  8.55004623e-06
 -1.23403529e-06 -1.11786981e-08  6.81629124e-10][ 0.00000000e+00 -7.75932475e-13 -1.54246056e-13  3.46982656e-11
 -5.89779289e-11 -1.58071185e-15  7.47061340e-16  8.55004623e-06
 -1.23385320e-06 -1.11790890e-08  6.81629124e-10][ 0.00000000e+00 -1.45799022e-12 -2.28994473e-13  4.61972712e-11
 -1.75237194e-10 -1.83681758e-15  8.52854685e-16  2.29442519e-05
 -2.04724222e-06 -1.59822693e-08  9.98214034e-10][ 0.00000000e+00 -1.45799022e-12 -2.28938167e-13  4.62013273e-11
 -1.75211905e-10 -1.83644196e-15  8.52944060e-16  2.29413632e-05
 -2.04721003e-06 -1.59822855e-08  9.98036022e-10][ 0.00000000e+00 -1.45799022e-12 -2.28980078e-13  4.62010753e-11
 -1.75214813e-10 -1.83669770e-15  8.52944060e-16  2.29423303e-05
 -2.04721003e-06 -1.59792834e-08  9.98031386e-10][ 0.00000000e+00 -1.26681014e-12 -7.95603851e-14  3.86667991e-11
 -7.50813704e-11 -1.35665069e-15  4.39565837e-16  2.05446481e-05
 -8.14936207e-07 -1.40762863e-08  4.85996245e-10][ 0.00000000e+00 -1.08139847e-12 -7.98563335e-14  2.31540475e-11
 -1.21451202e-10 -8.60992426e-16  6.83533856e-16  1.89925768e-05
 -1.36741171e-06 -6.75754594e-09  5.14013169e-10]