[ 0.00000000e+00 -6.03955265e-13 -7.41416147e-14  1.78326109e-11
 -7.46367506e-11 -1.22239580e-15  2.79476977e-16  1.46705715e-05
 -1.36921720e-06 -6.81316559e-09  5.90750008e-10]50
 [ 0.00000000e+00 -6.03955265e-13 -7.41416147e-14  1.78330948e-11
 -7.46367506e-11 -1.22240319e-15  2.79476977e-16  1.46660338e-05
 -1.36921720e-06 -6.81301627e-09  5.90739926e-10]50
 [ 0.00000000e+00 -6.03955265e-13 -7.41416147e-14  1.78330948e-11
 -7.46367506e-11 -1.22240319e-15  2.79476977e-16  1.46685850e-05
 -1.36921720e-06 -6.81301627e-09  5.90739926e-10]50
 [ 0.00000000e+00 -6.03896341e-13 -7.41298873e-14  1.78356536e-11
 -7.46148729e-11 -1.22256065e-15  2.79476977e-16  1.46685850e-05
 -1.36921720e-06 -6.81301627e-09  5.90725652e-10] 50[ 0.00000000e+00 -6.03955265e-13 -7.41416147e-14  1.78326109e-11
 -7.46226000e-11 -1.22239580e-15  2.79491849e-16  1.46731356e-05
 -1.36940637e-06 -6.81500614e-09  5.90750008e-10]50[ 0.00000000e+00 -6.03955265e-13 -7.41369245e-14  1.78326109e-11
 -7.46226000e-11 -1.22259954e-15  2.79491849e-16  1.46739952e-05
 -1.36940637e-06 -6.81500614e-09  5.90750008e-10]50
 [ 0.00000000e+00 -8.45644311e-13 -7.41521792e-14  1.78326109e-11
 -7.46315187e-11 -1.22256065e-15  2.79476977e-16  1.46685850e-05
 -1.36946777e-06 -6.81267076e-09  5.90684353e-10]50