
 
generation 1

initial population:
[ 0.00000000e+00 -6.94921181e-13 -9.75759918e-14  2.33574309e-11
 -1.46307030e-10 -1.13468500e-15  2.69936716e-16  1.85907810e-05
 -1.12567801e-06 -7.07049682e-09  7.65991829e-10]
[ 0.00000000e+00 -4.66436324e-13 -1.09941743e-13  4.03044820e-11
 -8.77952313e-11 -8.20256466e-16  6.91835226e-16  8.63554147e-06
 -1.03501737e-06 -7.04658232e-09  3.88624410e-10]
[ 0.00000000e+00 -1.27995704e-12 -1.08761848e-13  3.65874649e-11
 -5.89975823e-11 -1.31209186e-15  6.26883864e-16  1.33865710e-05
 -7.01607262e-07 -1.26852709e-08  5.96409404e-10]
[ 0.00000000e+00 -1.18102384e-12 -1.24427166e-13  3.83025999e-11
 -1.17864982e-10 -1.03047910e-15  7.32614079e-16  2.01759880e-05
 -7.39944776e-07 -1.26780365e-08  4.03457424e-10]
[ 0.00000000e+00 -7.72925738e-13 -1.18940377e-13  1.96902832e-11
 -8.13514687e-11 -1.31258979e-15  7.02625509e-16  1.29941311e-05
 -8.60541558e-07 -5.76653130e-09  8.24098640e-10]
[ 0.00000000e+00 -4.48743627e-13 -1.52581668e-13  3.64617693e-11
 -7.71281671e-11 -9.74032441e-16  3.87413233e-16  9.68257792e-06
 -1.49064878e-06 -9.37878628e-09  5.94495543e-10]
[ 0.00000000e+00 -5.62647913e-13 -1.15313017e-13  2.06020813e-11
 -1.27866559e-10 -1.16385681e-15  5.88446572e-16  1.67359877e-05
 -6.47594818e-07 -1.02610017e-08  7.97707971e-10]
[ 0.00000000e+00 -8.16506268e-13 -7.36307321e-14  3.87281220e-11
 -1.38733952e-10 -1.61503269e-15  2.66960016e-16  1.06558343e-05
 -1.10626482e-06 -1.31830172e-08  8.43764836e-10]
[ 0.00000000e+00 -4.74419379e-13 -7.41317385e-14  2.09091778e-11
 -1.19439569e-10 -1.26421053e-15  6.18450616e-16  1.58236910e-05
 -9.75184206e-07 -5.99547910e-09  8.23427151e-10]
[ 0.00000000e+00 -6.10863584e-13 -2.04346607e-13  3.62922616e-11
 -9.73966028e-11 -1.13253895e-15  6.55583301e-16  1.48523021e-05
 -8.09472155e-07 -1.20262235e-08  5.30694823e-10]

parents after selection:
parent1 and its probability : [ 0.00000000e+00 -4.66436324e-13 -1.09941743e-13  4.03044820e-11
 -8.77952313e-11 -8.20256466e-16  6.91835226e-16  8.63554147e-06
 -1.03501737e-06 -7.04658232e-09  3.88624410e-10]0.16577479969950082
parent2 and its probability:  [ 0.00000000e+00 -4.66436324e-13 -1.09941743e-13  4.03044820e-11
 -8.77952313e-11 -8.20256466e-16  6.91835226e-16  8.63554147e-06
 -1.03501737e-06 -7.04658232e-09  3.88624410e-10]0.16577479969950082
parents after selection:
parent1 and its probability : [ 0.00000000e+00 -1.18102384e-12 -1.24427166e-13  3.83025999e-11
 -1.17864982e-10 -1.03047910e-15  7.32614079e-16  2.01759880e-05
 -7.39944776e-07 -1.26780365e-08  4.03457424e-10]0.5359524357283985
parent2 and its probability:  [ 0.00000000e+00 -1.18102384e-12 -1.24427166e-13  3.83025999e-11
 -1.17864982e-10 -1.03047910e-15  7.32614079e-16  2.01759880e-05
 -7.39944776e-07 -1.26780365e-08  4.03457424e-10]0.5359524357283985
parents after selection:
parent1 and its probability : [ 0.00000000e+00 -1.18102384e-12 -1.24427166e-13  3.83025999e-11
 -1.17864982e-10 -1.03047910e-15  7.32614079e-16  2.01759880e-05
 -7.39944776e-07 -1.26780365e-08  4.03457424e-10]0.5359524357283985
parent2 and its probability:  [ 0.00000000e+00 -1.27995704e-12 -1.08761848e-13  3.65874649e-11
 -5.89975823e-11 -1.31209186e-15  6.26883864e-16  1.33865710e-05
 -7.01607262e-07 -1.26852709e-08  5.96409404e-10]0.03677329518102122
parents after selection:
parent1 and its probability : [ 0.00000000e+00 -1.18102384e-12 -1.24427166e-13  3.83025999e-11
 -1.17864982e-10 -1.03047910e-15  7.32614079e-16  2.01759880e-05
 -7.39944776e-07 -1.26780365e-08  4.03457424e-10]0.5359524357283985
parent2 and its probability:  [ 0.00000000e+00 -1.18102384e-12 -1.24427166e-13  3.83025999e-11
 -1.17864982e-10 -1.03047910e-15  7.32614079e-16  2.01759880e-05
 -7.39944776e-07 -1.26780365e-08  4.03457424e-10]0.5359524357283985
parents after selection:
parent1 and its probability : [ 0.00000000e+00 -1.18102384e-12 -1.24427166e-13  3.83025999e-11
 -1.17864982e-10 -1.03047910e-15  7.32614079e-16  2.01759880e-05
 -7.39944776e-07 -1.26780365e-08  4.03457424e-10]0.5359524357283985
parent2 and its probability:  [ 0.00000000e+00 -1.18102384e-12 -1.24427166e-13  3.83025999e-11
 -1.17864982e-10 -1.03047910e-15  7.32614079e-16  2.01759880e-05
 -7.39944776e-07 -1.26780365e-08  4.03457424e-10]0.5359524357283985
parents after selection:
parent1 and its probability : [ 0.00000000e+00 -4.66436324e-13 -1.09941743e-13  4.03044820e-11
 -8.77952313e-11 -8.20256466e-16  6.91835226e-16  8.63554147e-06
 -1.03501737e-06 -7.04658232e-09  3.88624410e-10]0.16577479969950082
parent2 and its probability:  [ 0.00000000e+00 -4.66436324e-13 -1.09941743e-13  4.03044820e-11
 -8.77952313e-11 -8.20256466e-16  6.91835226e-16  8.63554147e-06
 -1.03501737e-06 -7.04658232e-09  3.88624410e-10]0.16577479969950082
parents after selection:
parent1 and its probability : [ 0.00000000e+00 -1.18102384e-12 -1.24427166e-13  3.83025999e-11
 -1.17864982e-10 -1.03047910e-15  7.32614079e-16  2.01759880e-05
 -7.39944776e-07 -1.26780365e-08  4.03457424e-10]0.5359524357283985
parent2 and its probability:  [ 0.00000000e+00 -1.18102384e-12 -1.24427166e-13  3.83025999e-11
 -1.17864982e-10 -1.03047910e-15  7.32614079e-16  2.01759880e-05
 -7.39944776e-07 -1.26780365e-08  4.03457424e-10]0.5359524357283985
parents after selection:
parent1 and its probability : [ 0.00000000e+00 -1.18102384e-12 -1.24427166e-13  3.83025999e-11
 -1.17864982e-10 -1.03047910e-15  7.32614079e-16  2.01759880e-05
 -7.39944776e-07 -1.26780365e-08  4.03457424e-10]0.5359524357283985
parent2 and its probability:  [ 0.00000000e+00 -4.66436324e-13 -1.09941743e-13  4.03044820e-11
 -8.77952313e-11 -8.20256466e-16  6.91835226e-16  8.63554147e-06
 -1.03501737e-06 -7.04658232e-09  3.88624410e-10]0.16577479969950082
parents after selection:
parent1 and its probability : [ 0.00000000e+00 -1.18102384e-12 -1.24427166e-13  3.83025999e-11
 -1.17864982e-10 -1.03047910e-15  7.32614079e-16  2.01759880e-05
 -7.39944776e-07 -1.26780365e-08  4.03457424e-10]0.5359524357283985
parent2 and its probability:  [ 0.00000000e+00 -1.18102384e-12 -1.24427166e-13  3.83025999e-11
 -1.17864982e-10 -1.03047910e-15  7.32614079e-16  2.01759880e-05
 -7.39944776e-07 -1.26780365e-08  4.03457424e-10]0.5359524357283985
parents after selection:
parent1 and its probability : [ 0.00000000e+00 -1.18102384e-12 -1.24427166e-13  3.83025999e-11
 -1.17864982e-10 -1.03047910e-15  7.32614079e-16  2.01759880e-05
 -7.39944776e-07 -1.26780365e-08  4.03457424e-10]0.5359524357283985
parent2 and its probability:  [ 0.00000000e+00 -4.66436324e-13 -1.09941743e-13  4.03044820e-11
 -8.77952313e-11 -8.20256466e-16  6.91835226e-16  8.63554147e-06
 -1.03501737e-06 -7.04658232e-09  3.88624410e-10]0.16577479969950082
population after corssover:
[ 0.00000000e+00 -4.66436324e-13 -1.09941743e-13  4.03044820e-11
 -8.77952313e-11 -8.20256466e-16  6.91835226e-16  8.63554147e-06
 -1.03501737e-06 -7.04658232e-09  3.88624410e-10]
[ 0.00000000e+00 -1.18102384e-12 -1.24427166e-13  3.83025999e-11
 -1.17864982e-10 -1.03047910e-15  7.32614079e-16  2.01759880e-05
 -7.39944776e-07 -1.26780365e-08  4.03457424e-10]
[ 0.00000000e+00 -1.18102384e-12 -1.24427166e-13  3.83025999e-11
 -1.17864982e-10 -1.31209186e-15  6.26883864e-16  1.33865710e-05
 -7.01607262e-07 -1.26852709e-08  5.96409404e-10]
[ 0.00000000e+00 -1.18102384e-12 -1.24427166e-13  3.83025999e-11
 -1.17864982e-10 -1.03047910e-15  7.32614079e-16  2.01759880e-05
 -7.39944776e-07 -1.26780365e-08  4.03457424e-10]
[ 0.00000000e+00 -1.18102384e-12 -1.24427166e-13  3.83025999e-11
 -1.17864982e-10 -1.03047910e-15  7.32614079e-16  2.01759880e-05
 -7.39944776e-07 -1.26780365e-08  4.03457424e-10]
[ 0.00000000e+00 -4.66436324e-13 -1.09941743e-13  4.03044820e-11
 -8.77952313e-11 -8.20256466e-16  6.91835226e-16  8.63554147e-06
 -1.03501737e-06 -7.04658232e-09  3.88624410e-10]
[ 0.00000000e+00 -1.18102384e-12 -1.24427166e-13  3.83025999e-11
 -1.17864982e-10 -1.03047910e-15  7.32614079e-16  2.01759880e-05
 -7.39944776e-07 -1.26780365e-08  4.03457424e-10]
[ 0.00000000e+00 -1.18102384e-12 -1.24427166e-13  3.83025999e-11
 -1.17864982e-10 -1.03047910e-15  7.32614079e-16  2.01759880e-05
 -1.03501737e-06 -7.04658232e-09  3.88624410e-10]
[ 0.00000000e+00 -1.18102384e-12 -1.24427166e-13  3.83025999e-11
 -1.17864982e-10 -1.03047910e-15  7.32614079e-16  2.01759880e-05
 -7.39944776e-07 -1.26780365e-08  4.03457424e-10]
[ 0.00000000e+00 -1.18102384e-12 -1.09941743e-13  4.03044820e-11
 -8.77952313e-11 -8.20256466e-16  6.91835226e-16  8.63554147e-06
 -1.03501737e-06 -7.04658232e-09  3.88624410e-10]

population after mutation:
[ 0.00000000e+00 -4.66436324e-13 -1.09920754e-13  4.03044820e-11
 -8.77952313e-11 -8.20256466e-16  6.91835226e-16  8.63495366e-06
 -1.03501737e-06 -7.04658232e-09  3.88624410e-10]
[ 0.00000000e+00 -1.18102384e-12 -1.24427166e-13  3.83025999e-11
 -1.17844542e-10 -1.03047910e-15  7.32614079e-16  2.01759880e-05
 -7.39944776e-07 -1.26780365e-08  4.03457424e-10]
[ 0.00000000e+00 -1.18102384e-12 -1.24428623e-13  3.83025999e-11
 -1.17860559e-10 -1.31209186e-15  6.26883864e-16  1.33865710e-05
 -7.01607262e-07 -1.26852709e-08  5.96409404e-10]
[ 0.00000000e+00 -1.18102384e-12 -1.24427166e-13  3.83025999e-11
 -1.17864982e-10 -1.03064796e-15  7.32614079e-16  2.01759880e-05
 -7.39944776e-07 -1.26780365e-08  4.03481418e-10]
[ 0.00000000e+00 -1.18102384e-12 -1.24427166e-13  3.83025999e-11
 -1.17861442e-10 -1.03047910e-15  7.32614079e-16  2.01759880e-05
 -7.39944776e-07 -1.26780365e-08  4.03457424e-10]
[ 0.00000000e+00 -4.66436324e-13 -1.09941743e-13  4.03044820e-11
 -8.77952313e-11 -8.20256466e-16  6.91835226e-16  8.63554147e-06
 -1.03501737e-06 -7.04658232e-09  3.88624410e-10]
[ 0.00000000e+00 -1.18102384e-12 -1.24427166e-13  3.83049040e-11
 -1.17864982e-10 -1.03047910e-15  7.32484999e-16  2.01759880e-05
 -7.39944776e-07 -1.26780365e-08  4.03457424e-10]
[ 0.00000000e+00 -1.18102384e-12 -1.24427166e-13  3.83025999e-11
 -1.17864982e-10 -1.03047910e-15  7.32614079e-16  2.01759880e-05
 -1.03501737e-06 -7.04534959e-09  3.88636306e-10]
[ 0.00000000e+00 -1.18102384e-12 -1.24427166e-13  3.83025999e-11
 -1.17864982e-10 -1.03047910e-15  7.32614079e-16  2.01759880e-05
 -7.40061242e-07 -1.26780365e-08  4.03403222e-10]
[ 0.00000000e+00 -1.18102384e-12 -1.09941743e-13  4.03044820e-11
 -8.77871062e-11 -8.20350529e-16  6.91835226e-16  8.63476764e-06
 -1.03521739e-06 -7.04658232e-09  3.88624410e-10]


 
 
 
generation 2

initial population:
[ 0.00000000e+00 -1.18123114e-12 -1.24422997e-13  3.83025999e-11
 -1.17864982e-10 -1.03047910e-15  7.32614079e-16  2.01779285e-05
 -1.03501737e-06 -7.04534959e-09  3.88636306e-10]
[ 0.00000000e+00 -1.18104265e-12 -1.24427166e-13  3.83025999e-11
 -1.17864982e-10 -1.03066759e-15  7.32614079e-16  2.01773071e-05
 -7.40061242e-07 -1.26780365e-08  4.03336284e-10]
[ 0.00000000e+00 -1.18102384e-12 -1.24427166e-13  3.83025999e-11
 -1.17864982e-10 -1.03051289e-15  7.32614079e-16  2.01759880e-05
 -7.39961342e-07 -1.26780365e-08  4.03457424e-10]
[ 0.00000000e+00 -1.18102384e-12 -1.24427166e-13  3.83049040e-11
 -1.17864982e-10 -1.03047910e-15  7.32452151e-16  2.01764250e-05
 -7.39944776e-07 -1.26787097e-08  4.03457424e-10]
[ 0.00000000e+00 -1.18102384e-12 -1.24427166e-13  3.83025999e-11
 -1.17861442e-10 -1.03047910e-15  7.32605969e-16  2.01759880e-05
 -7.39822872e-07 -1.26756104e-08  4.03457424e-10]
[ 0.00000000e+00 -1.18102384e-12 -1.24427166e-13  3.83025999e-11
 -1.17844542e-10 -1.03047910e-15  7.32574629e-16  2.01759880e-05
 -7.39944776e-07 -1.26780365e-08  4.03457424e-10]
[ 0.00000000e+00 -1.18102384e-12 -1.24427166e-13  3.83025999e-11
 -1.17864982e-10 -1.03064796e-15  7.32614079e-16  2.01759880e-05
 -7.39944776e-07 -1.26780365e-08  4.03481418e-10]
[ 0.00000000e+00 -4.66510040e-13 -1.09941743e-13  4.03047560e-11
 -8.77952313e-11 -8.20256466e-16  6.91700763e-16  8.63554147e-06
 -1.03501737e-06 -7.04658232e-09  3.88621490e-10]
[ 0.00000000e+00 -4.66356002e-13 -1.09941743e-13  4.03044820e-11
 -8.77952313e-11 -8.20256466e-16  6.91835226e-16  8.63554147e-06
 -1.03501737e-06 -7.04658232e-09  3.88563199e-10]
[ 0.00000000e+00 -4.66436324e-13 -1.09920754e-13  4.02977554e-11
 -8.77952313e-11 -8.20256466e-16  6.91835226e-16  8.63495366e-06
 -1.03501737e-06 -7.04658232e-09  3.88624410e-10]

parents after selection:
parent1 and its probability : [ 0.00000000e+00 -1.18123114e-12 -1.24422997e-13  3.83025999e-11
 -1.17864982e-10 -1.03047910e-15  7.32614079e-16  2.01779285e-05
 -1.03501737e-06 -7.04534959e-09  3.88636306e-10]0.32640518254373635
parent2 and its probability:  [ 0.00000000e+00 -1.18123114e-12 -1.24422997e-13  3.83025999e-11
 -1.17864982e-10 -1.03047910e-15  7.32614079e-16  2.01779285e-05
 -1.03501737e-06 -7.04534959e-09  3.88636306e-10]0.32640518254373635
parents after selection:
parent1 and its probability : [ 0.00000000e+00 -1.18123114e-12 -1.24422997e-13  3.83025999e-11
 -1.17864982e-10 -1.03047910e-15  7.32614079e-16  2.01779285e-05
 -1.03501737e-06 -7.04534959e-09  3.88636306e-10]0.32640518254373635
parent2 and its probability:  [ 0.00000000e+00 -1.18102384e-12 -1.24427166e-13  3.83025999e-11
 -1.17864982e-10 -1.03064796e-15  7.32614079e-16  2.01759880e-05
 -7.39944776e-07 -1.26780365e-08  4.03481418e-10]0.09714115568639026
parents after selection:
parent1 and its probability : [ 0.00000000e+00 -1.18102384e-12 -1.24427166e-13  3.83049040e-11
 -1.17864982e-10 -1.03047910e-15  7.32452151e-16  2.01764250e-05
 -7.39944776e-07 -1.26787097e-08  4.03457424e-10]0.09724146380187046
parent2 and its probability:  [ 0.00000000e+00 -1.18104265e-12 -1.24427166e-13  3.83025999e-11
 -1.17864982e-10 -1.03066759e-15  7.32614079e-16  2.01773071e-05
 -7.40061242e-07 -1.26780365e-08  4.03336284e-10]0.09773411925767364
parents after selection:
parent1 and its probability : [ 0.00000000e+00 -1.18104265e-12 -1.24427166e-13  3.83025999e-11
 -1.17864982e-10 -1.03066759e-15  7.32614079e-16  2.01773071e-05
 -7.40061242e-07 -1.26780365e-08  4.03336284e-10]0.09773411925767364
parent2 and its probability:  [ 0.00000000e+00 -1.18102384e-12 -1.24427166e-13  3.83025999e-11
 -1.17844542e-10 -1.03047910e-15  7.32574629e-16  2.01759880e-05
 -7.39944776e-07 -1.26780365e-08  4.03457424e-10]0.09721020463333908
parents after selection:
parent1 and its probability : [ 0.00000000e+00 -1.18102384e-12 -1.24427166e-13  3.83025999e-11
 -1.17861442e-10 -1.03047910e-15  7.32605969e-16  2.01759880e-05
 -7.39822872e-07 -1.26756104e-08  4.03457424e-10]0.09687580654267175
parent2 and its probability:  [ 0.00000000e+00 -1.18104265e-12 -1.24427166e-13  3.83025999e-11
 -1.17864982e-10 -1.03066759e-15  7.32614079e-16  2.01773071e-05
 -7.40061242e-07 -1.26780365e-08  4.03336284e-10]0.09773411925767364
parents after selection:
parent1 and its probability : [ 0.00000000e+00 -1.18104265e-12 -1.24427166e-13  3.83025999e-11
 -1.17864982e-10 -1.03066759e-15  7.32614079e-16  2.01773071e-05
 -7.40061242e-07 -1.26780365e-08  4.03336284e-10]0.09773411925767364
parent2 and its probability:  [ 0.00000000e+00 -4.66436324e-13 -1.09920754e-13  4.02977554e-11
 -8.77952313e-11 -8.20256466e-16  6.91835226e-16  8.63495366e-06
 -1.03501737e-06 -7.04658232e-09  3.88624410e-10]0.03006439430859299
parents after selection:
parent1 and its probability : [ 0.00000000e+00 -1.18102384e-12 -1.24427166e-13  3.83025999e-11
 -1.17844542e-10 -1.03047910e-15  7.32574629e-16  2.01759880e-05
 -7.39944776e-07 -1.26780365e-08  4.03457424e-10]0.09721020463333908
parent2 and its probability:  [ 0.00000000e+00 -1.18102384e-12 -1.24427166e-13  3.83025999e-11
 -1.17864982e-10 -1.03051289e-15  7.32614079e-16  2.01759880e-05
 -7.39961342e-07 -1.26780365e-08  4.03457424e-10]0.09723555979486526
parents after selection:
parent1 and its probability : [ 0.00000000e+00 -1.18102384e-12 -1.24427166e-13  3.83025999e-11
 -1.17864982e-10 -1.03051289e-15  7.32614079e-16  2.01759880e-05
 -7.39961342e-07 -1.26780365e-08  4.03457424e-10]0.09723555979486526
parent2 and its probability:  [ 0.00000000e+00 -1.18123114e-12 -1.24422997e-13  3.83025999e-11
 -1.17864982e-10 -1.03047910e-15  7.32614079e-16  2.01779285e-05
 -1.03501737e-06 -7.04534959e-09  3.88636306e-10]0.32640518254373635
parents after selection:
parent1 and its probability : [ 0.00000000e+00 -1.18104265e-12 -1.24427166e-13  3.83025999e-11
 -1.17864982e-10 -1.03066759e-15  7.32614079e-16  2.01773071e-05
 -7.40061242e-07 -1.26780365e-08  4.03336284e-10]0.09773411925767364
parent2 and its probability:  [ 0.00000000e+00 -1.18102384e-12 -1.24427166e-13  3.83025999e-11
 -1.17864982e-10 -1.03051289e-15  7.32614079e-16  2.01759880e-05
 -7.39961342e-07 -1.26780365e-08  4.03457424e-10]0.09723555979486526
parents after selection:
parent1 and its probability : [ 0.00000000e+00 -1.18123114e-12 -1.24422997e-13  3.83025999e-11
 -1.17864982e-10 -1.03047910e-15  7.32614079e-16  2.01779285e-05
 -1.03501737e-06 -7.04534959e-09  3.88636306e-10]0.32640518254373635
parent2 and its probability:  [ 0.00000000e+00 -1.18123114e-12 -1.24422997e-13  3.83025999e-11
 -1.17864982e-10 -1.03047910e-15  7.32614079e-16  2.01779285e-05
 -1.03501737e-06 -7.04534959e-09  3.88636306e-10]0.32640518254373635
population after corssover:
[ 0.00000000e+00 -1.18123114e-12 -1.24422997e-13  3.83025999e-11
 -1.17864982e-10 -1.03047910e-15  7.32614079e-16  2.01779285e-05
 -1.03501737e-06 -7.04534959e-09  3.88636306e-10]
[ 0.00000000e+00 -1.18123114e-12 -1.24422997e-13  3.83025999e-11
 -1.17864982e-10 -1.03047910e-15  7.32614079e-16  2.01779285e-05
 -7.39944776e-07 -1.26780365e-08  4.03481418e-10]
[ 0.00000000e+00 -1.18102384e-12 -1.24427166e-13  3.83025999e-11
 -1.17864982e-10 -1.03066759e-15  7.32614079e-16  2.01773071e-05
 -7.40061242e-07 -1.26780365e-08  4.03336284e-10]
[ 0.00000000e+00 -1.18104265e-12 -1.24427166e-13  3.83025999e-11
 -1.17864982e-10 -1.03066759e-15  7.32614079e-16  2.01773071e-05
 -7.40061242e-07 -1.26780365e-08  4.03457424e-10]
[ 0.00000000e+00 -1.18102384e-12 -1.24427166e-13  3.83025999e-11
 -1.17861442e-10 -1.03047910e-15  7.32605969e-16  2.01759880e-05
 -7.40061242e-07 -1.26780365e-08  4.03336284e-10]
[ 0.00000000e+00 -1.18104265e-12 -1.24427166e-13  4.02977554e-11
 -8.77952313e-11 -8.20256466e-16  6.91835226e-16  8.63495366e-06
 -1.03501737e-06 -7.04658232e-09  3.88624410e-10]
[ 0.00000000e+00 -1.18102384e-12 -1.24427166e-13  3.83025999e-11
 -1.17864982e-10 -1.03051289e-15  7.32614079e-16  2.01759880e-05
 -7.39961342e-07 -1.26780365e-08  4.03457424e-10]
[ 0.00000000e+00 -1.18102384e-12 -1.24427166e-13  3.83025999e-11
 -1.17864982e-10 -1.03051289e-15  7.32614079e-16  2.01759880e-05
 -7.39961342e-07 -7.04534959e-09  3.88636306e-10]
[ 0.00000000e+00 -1.18104265e-12 -1.24427166e-13  3.83025999e-11
 -1.17864982e-10 -1.03051289e-15  7.32614079e-16  2.01759880e-05
 -7.39961342e-07 -1.26780365e-08  4.03457424e-10]
[ 0.00000000e+00 -1.18123114e-12 -1.24422997e-13  3.83025999e-11
 -1.17864982e-10 -1.03047910e-15  7.32614079e-16  2.01779285e-05
 -1.03501737e-06 -7.04534959e-09  3.88636306e-10]

population after mutation:
[ 0.00000000e+00 -1.18123114e-12 -1.24422997e-13  3.83025999e-11
 -1.17864982e-10 -1.03047655e-15  7.32614079e-16  2.01746444e-05
 -1.03501737e-06 -7.04437587e-09  3.88636306e-10]
[ 0.00000000e+00 -1.18123114e-12 -1.24422997e-13  3.83025999e-11
 -1.17864982e-10 -1.03029738e-15  7.32614079e-16  2.01779285e-05
 -7.39944776e-07 -1.26780365e-08  4.03481418e-10]
[ 0.00000000e+00 -1.18102384e-12 -1.24407766e-13  3.83025999e-11
 -1.17864982e-10 -1.03083118e-15  7.32599814e-16  2.01773071e-05
 -7.40061242e-07 -1.26787864e-08  4.03336284e-10]
[ 0.00000000e+00 -1.18085225e-12 -1.24427166e-13  3.83048087e-11
 -1.17864982e-10 -1.03066759e-15  7.32614079e-16  2.01773071e-05
 -7.40061242e-07 -1.26780365e-08  4.03457424e-10]
[ 0.00000000e+00 -1.18102384e-12 -1.24427166e-13  3.83025999e-11
 -1.17861442e-10 -1.03047910e-15  7.32605969e-16  2.01759880e-05
 -7.40061242e-07 -1.26780365e-08  4.03336284e-10]
[ 0.00000000e+00 -1.18104265e-12 -1.24427166e-13  4.02923650e-11
 -8.77952313e-11 -8.20183123e-16  6.91922619e-16  8.63614646e-06
 -1.03501737e-06 -7.04658232e-09  3.88624410e-10]
[ 0.00000000e+00 -1.18102384e-12 -1.24449889e-13  3.83031529e-11
 -1.17864982e-10 -1.03051289e-15  7.32614079e-16  2.01791808e-05
 -7.40016212e-07 -1.26780365e-08  4.03457424e-10]
[ 0.00000000e+00 -1.18102384e-12 -1.24412891e-13  3.83025999e-11
 -1.17847091e-10 -1.03051289e-15  7.32554154e-16  2.01759880e-05
 -7.39961342e-07 -7.04534959e-09  3.88581642e-10]
[ 0.00000000e+00 -1.18104265e-12 -1.24427166e-13  3.83050601e-11
 -1.17864982e-10 -1.03051289e-15  7.32614079e-16  2.01759880e-05
 -7.39961342e-07 -1.26780365e-08  4.03457424e-10]
[ 0.00000000e+00 -1.18123114e-12 -1.24422997e-13  3.83025999e-11
 -1.17851771e-10 -1.03047910e-15  7.32614079e-16  2.01764990e-05
 -1.03501737e-06 -7.04577716e-09  3.88636306e-10]


 
 
 
generation 3

initial population:
[ 0.00000000e+00 -1.18123114e-12 -1.24422997e-13  3.83025999e-11
 -1.17851771e-10 -1.03039648e-15  7.32614079e-16  2.01764990e-05
 -1.03501737e-06 -7.04577716e-09  3.88636306e-10]
[ 0.00000000e+00 -1.18123114e-12 -1.24422997e-13  3.83025999e-11
 -1.17864982e-10 -1.03047655e-15  7.32614079e-16  2.01709710e-05
 -1.03501737e-06 -7.04437587e-09  3.88649266e-10]
[ 0.00000000e+00 -1.18123114e-12 -1.24422997e-13  3.83025999e-11
 -1.17876720e-10 -1.03047910e-15  7.32614079e-16  2.01779285e-05
 -1.03501737e-06 -7.04534959e-09  3.88657930e-10]
[ 0.00000000e+00 -1.18102384e-12 -1.24407766e-13  3.83025999e-11
 -1.17861822e-10 -1.03069587e-15  7.32599814e-16  2.01773071e-05
 -7.40061242e-07 -1.26787864e-08  4.03336284e-10]
[ 0.00000000e+00 -1.18102384e-12 -1.24427166e-13  3.83025999e-11
 -1.17861442e-10 -1.03047910e-15  7.32734811e-16  2.01759880e-05
 -7.40061242e-07 -1.26780365e-08  4.03336284e-10]
[ 0.00000000e+00 -1.18125463e-12 -1.24405838e-13  3.83025999e-11
 -1.17864982e-10 -1.03066759e-15  7.32710609e-16  2.01750239e-05
 -7.40061242e-07 -1.26780365e-08  4.03336284e-10]
[ 0.00000000e+00 -1.18085225e-12 -1.24427166e-13  3.83078539e-11
 -1.17864982e-10 -1.03086625e-15  7.32614079e-16  2.01773071e-05
 -7.40061242e-07 -1.26780365e-08  4.03457424e-10]
[ 0.00000000e+00 -1.18097597e-12 -1.24422595e-13  3.83049040e-11
 -1.17864982e-10 -1.03047910e-15  7.32452151e-16  2.01761744e-05
 -7.39944776e-07 -1.26787097e-08  4.03457424e-10]
[ 0.00000000e+00 -1.18102384e-12 -1.24427166e-13  3.83025999e-11
 -1.17864982e-10 -1.03051289e-15  7.32614079e-16  2.01759880e-05
 -7.39961342e-07 -1.26775908e-08  4.03534108e-10]
[ 0.00000000e+00 -1.18104265e-12 -1.24427166e-13  3.83050601e-11
 -1.17864982e-10 -1.03043277e-15  7.32614079e-16  2.01759880e-05
 -7.39961342e-07 -1.26780365e-08  4.03457424e-10]

parents after selection:
parent1 and its probability : [ 0.00000000e+00 -1.18102384e-12 -1.24407766e-13  3.83025999e-11
 -1.17861822e-10 -1.03069587e-15  7.32599814e-16  2.01773071e-05
 -7.40061242e-07 -1.26787864e-08  4.03336284e-10]0.05883954176525086
parent2 and its probability:  [ 0.00000000e+00 -1.18123114e-12 -1.24422997e-13  3.83025999e-11
 -1.17851771e-10 -1.03039648e-15  7.32614079e-16  2.01764990e-05
 -1.03501737e-06 -7.04577716e-09  3.88636306e-10]0.19658338963648483
parents after selection:
parent1 and its probability : [ 0.00000000e+00 -1.18123114e-12 -1.24422997e-13  3.83025999e-11
 -1.17864982e-10 -1.03047655e-15  7.32614079e-16  2.01709710e-05
 -1.03501737e-06 -7.04437587e-09  3.88649266e-10]0.19669865957484142
parent2 and its probability:  [ 0.00000000e+00 -1.18123114e-12 -1.24422997e-13  3.83025999e-11
 -1.17876720e-10 -1.03047910e-15  7.32614079e-16  2.01779285e-05
 -1.03501737e-06 -7.04534959e-09  3.88657930e-10]0.19625028859952648
parents after selection:
parent1 and its probability : [ 0.00000000e+00 -1.18123114e-12 -1.24422997e-13  3.83025999e-11
 -1.17876720e-10 -1.03047910e-15  7.32614079e-16  2.01779285e-05
 -1.03501737e-06 -7.04534959e-09  3.88657930e-10]0.19625028859952648
parent2 and its probability:  [ 0.00000000e+00 -1.18123114e-12 -1.24422997e-13  3.83025999e-11
 -1.17864982e-10 -1.03047655e-15  7.32614079e-16  2.01709710e-05
 -1.03501737e-06 -7.04437587e-09  3.88649266e-10]0.19669865957484142
parents after selection:
parent1 and its probability : [ 0.00000000e+00 -1.18097597e-12 -1.24422595e-13  3.83049040e-11
 -1.17864982e-10 -1.03047910e-15  7.32452151e-16  2.01761744e-05
 -7.39944776e-07 -1.26787097e-08  4.03457424e-10]0.05851703005660444
parent2 and its probability:  [ 0.00000000e+00 -1.18123114e-12 -1.24422997e-13  3.83025999e-11
 -1.17876720e-10 -1.03047910e-15  7.32614079e-16  2.01779285e-05
 -1.03501737e-06 -7.04534959e-09  3.88657930e-10]0.19625028859952648
parents after selection:
parent1 and its probability : [ 0.00000000e+00 -1.18123114e-12 -1.24422997e-13  3.83025999e-11
 -1.17864982e-10 -1.03047655e-15  7.32614079e-16  2.01709710e-05
 -1.03501737e-06 -7.04437587e-09  3.88649266e-10]0.19669865957484142
parent2 and its probability:  [ 0.00000000e+00 -1.18097597e-12 -1.24422595e-13  3.83049040e-11
 -1.17864982e-10 -1.03047910e-15  7.32452151e-16  2.01761744e-05
 -7.39944776e-07 -1.26787097e-08  4.03457424e-10]0.05851703005660444
parents after selection:
parent1 and its probability : [ 0.00000000e+00 -1.18123114e-12 -1.24422997e-13  3.83025999e-11
 -1.17851771e-10 -1.03039648e-15  7.32614079e-16  2.01764990e-05
 -1.03501737e-06 -7.04577716e-09  3.88636306e-10]0.19658338963648483
parent2 and its probability:  [ 0.00000000e+00 -1.18102384e-12 -1.24407766e-13  3.83025999e-11
 -1.17861822e-10 -1.03069587e-15  7.32599814e-16  2.01773071e-05
 -7.40061242e-07 -1.26787864e-08  4.03336284e-10]0.05883954176525086
parents after selection:
parent1 and its probability : [ 0.00000000e+00 -1.18123114e-12 -1.24422997e-13  3.83025999e-11
 -1.17864982e-10 -1.03047655e-15  7.32614079e-16  2.01709710e-05
 -1.03501737e-06 -7.04437587e-09  3.88649266e-10]0.19669865957484142
parent2 and its probability:  [ 0.00000000e+00 -1.18102384e-12 -1.24427166e-13  3.83025999e-11
 -1.17864982e-10 -1.03051289e-15  7.32614079e-16  2.01759880e-05
 -7.39961342e-07 -1.26775908e-08  4.03534108e-10]0.05834499370822699
parents after selection:
parent1 and its probability : [ 0.00000000e+00 -1.18123114e-12 -1.24422997e-13  3.83025999e-11
 -1.17864982e-10 -1.03047655e-15  7.32614079e-16  2.01709710e-05
 -1.03501737e-06 -7.04437587e-09  3.88649266e-10]0.19669865957484142
parent2 and its probability:  [ 0.00000000e+00 -1.18123114e-12 -1.24422997e-13  3.83025999e-11
 -1.17876720e-10 -1.03047910e-15  7.32614079e-16  2.01779285e-05
 -1.03501737e-06 -7.04534959e-09  3.88657930e-10]0.19625028859952648
parents after selection:
parent1 and its probability : [ 0.00000000e+00 -1.18097597e-12 -1.24422595e-13  3.83049040e-11
 -1.17864982e-10 -1.03047910e-15  7.32452151e-16  2.01761744e-05
 -7.39944776e-07 -1.26787097e-08  4.03457424e-10]0.05851703005660444
parent2 and its probability:  [ 0.00000000e+00 -1.18123114e-12 -1.24422997e-13  3.83025999e-11
 -1.17851771e-10 -1.03039648e-15  7.32614079e-16  2.01764990e-05
 -1.03501737e-06 -7.04577716e-09  3.88636306e-10]0.19658338963648483
parents after selection:
parent1 and its probability : [ 0.00000000e+00 -1.18125463e-12 -1.24405838e-13  3.83025999e-11
 -1.17864982e-10 -1.03066759e-15  7.32710609e-16  2.01750239e-05
 -7.40061242e-07 -1.26780365e-08  4.03336284e-10]0.05884987915674497
parent2 and its probability:  [ 0.00000000e+00 -1.18125463e-12 -1.24405838e-13  3.83025999e-11
 -1.17864982e-10 -1.03066759e-15  7.32710609e-16  2.01750239e-05
 -7.40061242e-07 -1.26780365e-08  4.03336284e-10]0.05884987915674497
population after corssover:
[ 0.00000000e+00 -1.18102384e-12 -1.24407766e-13  3.83025999e-11
 -1.17861822e-10 -1.03069587e-15  7.32599814e-16  2.01773071e-05
 -7.40061242e-07 -1.26787864e-08  3.88636306e-10]
[ 0.00000000e+00 -1.18123114e-12 -1.24422997e-13  3.83025999e-11
 -1.17864982e-10 -1.03047655e-15  7.32614079e-16  2.01709710e-05
 -1.03501737e-06 -7.04534959e-09  3.88657930e-10]
[ 0.00000000e+00 -1.18123114e-12 -1.24422997e-13  3.83025999e-11
 -1.17876720e-10 -1.03047910e-15  7.32614079e-16  2.01779285e-05
 -1.03501737e-06 -7.04437587e-09  3.88649266e-10]
[ 0.00000000e+00 -1.18097597e-12 -1.24422595e-13  3.83049040e-11
 -1.17876720e-10 -1.03047910e-15  7.32614079e-16  2.01779285e-05
 -1.03501737e-06 -7.04534959e-09  3.88657930e-10]
[ 0.00000000e+00 -1.18123114e-12 -1.24422997e-13  3.83025999e-11
 -1.17864982e-10 -1.03047655e-15  7.32614079e-16  2.01709710e-05
 -1.03501737e-06 -7.04437587e-09  4.03457424e-10]
[ 0.00000000e+00 -1.18123114e-12 -1.24422997e-13  3.83025999e-11
 -1.17851771e-10 -1.03069587e-15  7.32599814e-16  2.01773071e-05
 -7.40061242e-07 -1.26787864e-08  4.03336284e-10]
[ 0.00000000e+00 -1.18102384e-12 -1.24427166e-13  3.83025999e-11
 -1.17864982e-10 -1.03051289e-15  7.32614079e-16  2.01759880e-05
 -7.39961342e-07 -1.26775908e-08  4.03534108e-10]
[ 0.00000000e+00 -1.18123114e-12 -1.24422997e-13  3.83025999e-11
 -1.17864982e-10 -1.03047655e-15  7.32614079e-16  2.01709710e-05
 -1.03501737e-06 -7.04534959e-09  3.88657930e-10]
[ 0.00000000e+00 -1.18097597e-12 -1.24422595e-13  3.83049040e-11
 -1.17864982e-10 -1.03047910e-15  7.32452151e-16  2.01764990e-05
 -1.03501737e-06 -7.04577716e-09  3.88636306e-10]
[ 0.00000000e+00 -1.18125463e-12 -1.24405838e-13  3.83025999e-11
 -1.17864982e-10 -1.03066759e-15  7.32710609e-16  2.01750239e-05
 -7.40061242e-07 -1.26780365e-08  4.03336284e-10]

population after mutation:
[ 0.00000000e+00 -1.18102384e-12 -1.24407766e-13  3.83025999e-11
 -1.17858973e-10 -1.03069587e-15  7.32599814e-16  2.01773071e-05
 -7.40016096e-07 -1.26787864e-08  3.88636306e-10]
[ 0.00000000e+00 -1.18123114e-12 -1.24422997e-13  3.83100030e-11
 -1.17864982e-10 -1.03047655e-15  7.32614079e-16  2.01691377e-05
 -1.03491015e-06 -7.04534959e-09  3.88657930e-10]
[ 0.00000000e+00 -1.18133330e-12 -1.24433999e-13  3.82992648e-11
 -1.17876720e-10 -1.03047910e-15  7.32614079e-16  2.01779285e-05
 -1.03501737e-06 -7.04457350e-09  3.88649266e-10]
[ 0.00000000e+00 -1.18097597e-12 -1.24422595e-13  3.83049040e-11
 -1.17876720e-10 -1.03047910e-15  7.32676396e-16  2.01756696e-05
 -1.03516315e-06 -7.04534959e-09  3.88628833e-10]
[ 0.00000000e+00 -1.18127169e-12 -1.24422997e-13  3.83025999e-11
 -1.17864982e-10 -1.03047655e-15  7.32614079e-16  2.01709710e-05
 -1.03501737e-06 -7.04437587e-09  4.03457424e-10]
[ 0.00000000e+00 -1.18112687e-12 -1.24422997e-13  3.83096400e-11
 -1.17851771e-10 -1.03069587e-15  7.32482698e-16  2.01773071e-05
 -7.40061242e-07 -1.26787864e-08  4.03336284e-10]
[ 0.00000000e+00 -1.18102384e-12 -1.24427166e-13  3.83025999e-11
 -1.17864982e-10 -1.03051289e-15  7.32614079e-16  2.01759880e-05
 -7.39961342e-07 -1.26775908e-08  4.03534108e-10]
[ 0.00000000e+00 -1.18123114e-12 -1.24422997e-13  3.83025999e-11
 -1.17864982e-10 -1.03047655e-15  7.32614079e-16  2.01709710e-05
 -1.03501737e-06 -7.04534959e-09  3.88657930e-10]
[ 0.00000000e+00 -1.18097597e-12 -1.24446668e-13  3.83049040e-11
 -1.17864982e-10 -1.03047910e-15  7.32536868e-16  2.01758378e-05
 -1.03501737e-06 -7.04577716e-09  3.88636306e-10]
[ 0.00000000e+00 -1.18125463e-12 -1.24405838e-13  3.83025999e-11
 -1.17864982e-10 -1.03066759e-15  7.32710609e-16  2.01750239e-05
 -7.40061242e-07 -1.26780707e-08  4.03336284e-10]


 
 
 
generation 4

initial population:
[ 0.00000000e+00 -1.18097597e-12 -1.24422595e-13  3.83049040e-11
 -1.17876720e-10 -1.03047910e-15  7.32676396e-16  2.01756696e-05
 -1.03516315e-06 -7.04534959e-09  3.88628833e-10]
[ 0.00000000e+00 -1.18123114e-12 -1.24437907e-13  3.83025999e-11
 -1.17864982e-10 -1.03047655e-15  7.32614079e-16  2.01709710e-05
 -1.03510125e-06 -7.04534959e-09  3.88657930e-10]
[ 0.00000000e+00 -1.18116503e-12 -1.24422997e-13  3.83025999e-11
 -1.17864982e-10 -1.03047655e-15  7.32614079e-16  2.01717441e-05
 -1.03513531e-06 -7.04437587e-09  3.88649266e-10]
[ 0.00000000e+00 -1.18097936e-12 -1.24446668e-13  3.83001828e-11
 -1.17864982e-10 -1.03047910e-15  7.32536868e-16  2.01751643e-05
 -1.03501737e-06 -7.04577716e-09  3.88636306e-10]
[ 0.00000000e+00 -1.18123114e-12 -1.24422770e-13  3.83025999e-11
 -1.17851771e-10 -1.03039648e-15  7.32614079e-16  2.01764990e-05
 -1.03501737e-06 -7.04577716e-09  3.88636306e-10]
[ 0.00000000e+00 -1.18123114e-12 -1.24422997e-13  3.83100030e-11
 -1.17864982e-10 -1.03047655e-15  7.32614079e-16  2.01698674e-05
 -1.03491015e-06 -7.04534959e-09  3.88657930e-10]
[ 0.00000000e+00 -1.18123114e-12 -1.24422997e-13  3.83025999e-11
 -1.17876720e-10 -1.03047910e-15  7.32614079e-16  2.01779285e-05
 -1.03501737e-06 -7.04534959e-09  3.88657930e-10]
[ 0.00000000e+00 -1.18133330e-12 -1.24431049e-13  3.82985700e-11
 -1.17876720e-10 -1.03047910e-15  7.32614079e-16  2.01779285e-05
 -1.03501737e-06 -7.04457350e-09  3.88649266e-10]
[ 0.00000000e+00 -1.18127169e-12 -1.24422997e-13  3.83025999e-11
 -1.17864982e-10 -1.03047655e-15  7.32614079e-16  2.01709710e-05
 -1.03501737e-06 -7.04437587e-09  4.03457424e-10]
[ 0.00000000e+00 -1.18102384e-12 -1.24407766e-13  3.83025999e-11
 -1.17858973e-10 -1.03069587e-15  7.32590762e-16  2.01773071e-05
 -7.40159789e-07 -1.26791285e-08  3.88636306e-10]

parents after selection:
parent1 and its probability : [ 0.00000000e+00 -1.18097936e-12 -1.24446668e-13  3.83001828e-11
 -1.17864982e-10 -1.03047910e-15  7.32536868e-16  2.01751643e-05
 -1.03501737e-06 -7.04577716e-09  3.88636306e-10]0.11078026969987453
parent2 and its probability:  [ 0.00000000e+00 -1.18123114e-12 -1.24422770e-13  3.83025999e-11
 -1.17851771e-10 -1.03039648e-15  7.32614079e-16  2.01764990e-05
 -1.03501737e-06 -7.04577716e-09  3.88636306e-10]0.11072044225594728
parents after selection:
parent1 and its probability : [ 0.00000000e+00 -1.18102384e-12 -1.24407766e-13  3.83025999e-11
 -1.17858973e-10 -1.03069587e-15  7.32590762e-16  2.01773071e-05
 -7.40159789e-07 -1.26791285e-08  3.88636306e-10]0.0542104590380984
parent2 and its probability:  [ 0.00000000e+00 -1.18116503e-12 -1.24422997e-13  3.83025999e-11
 -1.17864982e-10 -1.03047655e-15  7.32614079e-16  2.01717441e-05
 -1.03513531e-06 -7.04437587e-09  3.88649266e-10]0.11098081883058591
parents after selection:
parent1 and its probability : [ 0.00000000e+00 -1.18127169e-12 -1.24422997e-13  3.83025999e-11
 -1.17864982e-10 -1.03047655e-15  7.32614079e-16  2.01709710e-05
 -1.03501737e-06 -7.04437587e-09  4.03457424e-10]0.05956476306218124
parent2 and its probability:  [ 0.00000000e+00 -1.18123114e-12 -1.24437907e-13  3.83025999e-11
 -1.17864982e-10 -1.03047655e-15  7.32614079e-16  2.01709710e-05
 -1.03510125e-06 -7.04534959e-09  3.88657930e-10]0.11100112573063511
parents after selection:
parent1 and its probability : [ 0.00000000e+00 -1.18123114e-12 -1.24422770e-13  3.83025999e-11
 -1.17851771e-10 -1.03039648e-15  7.32614079e-16  2.01764990e-05
 -1.03501737e-06 -7.04577716e-09  3.88636306e-10]0.11072044225594728
parent2 and its probability:  [ 0.00000000e+00 -1.18133330e-12 -1.24431049e-13  3.82985700e-11
 -1.17876720e-10 -1.03047910e-15  7.32614079e-16  2.01779285e-05
 -1.03501737e-06 -7.04457350e-09  3.88649266e-10]0.11049808503350103
parents after selection:
parent1 and its probability : [ 0.00000000e+00 -1.18123114e-12 -1.24422997e-13  3.83100030e-11
 -1.17864982e-10 -1.03047655e-15  7.32614079e-16  2.01698674e-05
 -1.03491015e-06 -7.04534959e-09  3.88657930e-10]0.1106778990698109
parent2 and its probability:  [ 0.00000000e+00 -1.18133330e-12 -1.24431049e-13  3.82985700e-11
 -1.17876720e-10 -1.03047910e-15  7.32614079e-16  2.01779285e-05
 -1.03501737e-06 -7.04457350e-09  3.88649266e-10]0.11049808503350103
parents after selection:
parent1 and its probability : [ 0.00000000e+00 -1.18123114e-12 -1.24422997e-13  3.83100030e-11
 -1.17864982e-10 -1.03047655e-15  7.32614079e-16  2.01698674e-05
 -1.03491015e-06 -7.04534959e-09  3.88657930e-10]0.1106778990698109
parent2 and its probability:  [ 0.00000000e+00 -1.18127169e-12 -1.24422997e-13  3.83025999e-11
 -1.17864982e-10 -1.03047655e-15  7.32614079e-16  2.01709710e-05
 -1.03501737e-06 -7.04437587e-09  4.03457424e-10]0.05956476306218124
parents after selection:
parent1 and its probability : [ 0.00000000e+00 -1.18097597e-12 -1.24422595e-13  3.83049040e-11
 -1.17876720e-10 -1.03047910e-15  7.32676396e-16  2.01756696e-05
 -1.03516315e-06 -7.04534959e-09  3.88628833e-10]0.11103330545274392
parent2 and its probability:  [ 0.00000000e+00 -1.18127169e-12 -1.24422997e-13  3.83025999e-11
 -1.17864982e-10 -1.03047655e-15  7.32614079e-16  2.01709710e-05
 -1.03501737e-06 -7.04437587e-09  4.03457424e-10]0.05956476306218124
parents after selection:
parent1 and its probability : [ 0.00000000e+00 -1.18133330e-12 -1.24431049e-13  3.82985700e-11
 -1.17876720e-10 -1.03047910e-15  7.32614079e-16  2.01779285e-05
 -1.03501737e-06 -7.04457350e-09  3.88649266e-10]0.11049808503350103
parent2 and its probability:  [ 0.00000000e+00 -1.18123114e-12 -1.24422997e-13  3.83025999e-11
 -1.17876720e-10 -1.03047910e-15  7.32614079e-16  2.01779285e-05
 -1.03501737e-06 -7.04534959e-09  3.88657930e-10]0.11053283182662187
parents after selection:
parent1 and its probability : [ 0.00000000e+00 -1.18123114e-12 -1.24422997e-13  3.83025999e-11
 -1.17876720e-10 -1.03047910e-15  7.32614079e-16  2.01779285e-05
 -1.03501737e-06 -7.04534959e-09  3.88657930e-10]0.11053283182662187
parent2 and its probability:  [ 0.00000000e+00 -1.18127169e-12 -1.24422997e-13  3.83025999e-11
 -1.17864982e-10 -1.03047655e-15  7.32614079e-16  2.01709710e-05
 -1.03501737e-06 -7.04437587e-09  4.03457424e-10]0.05956476306218124
parents after selection:
parent1 and its probability : [ 0.00000000e+00 -1.18123114e-12 -1.24422997e-13  3.83025999e-11
 -1.17876720e-10 -1.03047910e-15  7.32614079e-16  2.01779285e-05
 -1.03501737e-06 -7.04534959e-09  3.88657930e-10]0.11053283182662187
parent2 and its probability:  [ 0.00000000e+00 -1.18123114e-12 -1.24422997e-13  3.83100030e-11
 -1.17864982e-10 -1.03047655e-15  7.32614079e-16  2.01698674e-05
 -1.03491015e-06 -7.04534959e-09  3.88657930e-10]0.1106778990698109
population after corssover:
[ 0.00000000e+00 -1.18097936e-12 -1.24446668e-13  3.83001828e-11
 -1.17864982e-10 -1.03047910e-15  7.32536868e-16  2.01764990e-05
 -1.03501737e-06 -7.04577716e-09  3.88636306e-10]
[ 0.00000000e+00 -1.18102384e-12 -1.24407766e-13  3.83025999e-11
 -1.17858973e-10 -1.03069587e-15  7.32590762e-16  2.01773071e-05
 -7.40159789e-07 -1.26791285e-08  3.88649266e-10]
[ 0.00000000e+00 -1.18127169e-12 -1.24422997e-13  3.83025999e-11
 -1.17864982e-10 -1.03047655e-15  7.32614079e-16  2.01709710e-05
 -1.03510125e-06 -7.04534959e-09  3.88657930e-10]
[ 0.00000000e+00 -1.18123114e-12 -1.24422770e-13  3.83025999e-11
 -1.17851771e-10 -1.03039648e-15  7.32614079e-16  2.01779285e-05
 -1.03501737e-06 -7.04457350e-09  3.88649266e-10]
[ 0.00000000e+00 -1.18123114e-12 -1.24422997e-13  3.82985700e-11
 -1.17876720e-10 -1.03047910e-15  7.32614079e-16  2.01779285e-05
 -1.03501737e-06 -7.04457350e-09  3.88649266e-10]
[ 0.00000000e+00 -1.18127169e-12 -1.24422997e-13  3.83025999e-11
 -1.17864982e-10 -1.03047655e-15  7.32614079e-16  2.01709710e-05
 -1.03501737e-06 -7.04437587e-09  4.03457424e-10]
[ 0.00000000e+00 -1.18097597e-12 -1.24422595e-13  3.83049040e-11
 -1.17864982e-10 -1.03047655e-15  7.32614079e-16  2.01709710e-05
 -1.03501737e-06 -7.04437587e-09  4.03457424e-10]
[ 0.00000000e+00 -1.18133330e-12 -1.24422997e-13  3.83025999e-11
 -1.17876720e-10 -1.03047910e-15  7.32614079e-16  2.01779285e-05
 -1.03501737e-06 -7.04534959e-09  3.88657930e-10]
[ 0.00000000e+00 -1.18123114e-12 -1.24422997e-13  3.83025999e-11
 -1.17864982e-10 -1.03047655e-15  7.32614079e-16  2.01709710e-05
 -1.03501737e-06 -7.04437587e-09  4.03457424e-10]
[ 0.00000000e+00 -1.18123114e-12 -1.24422997e-13  3.83025999e-11
 -1.17876720e-10 -1.03047910e-15  7.32614079e-16  2.01779285e-05
 -1.03491015e-06 -7.04534959e-09  3.88657930e-10]

population after mutation:
[ 0.00000000e+00 -1.18083242e-12 -1.24446668e-13  3.83013292e-11
 -1.17868902e-10 -1.03047910e-15  7.32536868e-16  2.01764990e-05
 -1.03501737e-06 -7.04566261e-09  3.88636306e-10]
[ 0.00000000e+00 -1.18109948e-12 -1.24407766e-13  3.83094218e-11
 -1.17862929e-10 -1.03069587e-15  7.32590762e-16  2.01773071e-05
 -7.40159789e-07 -1.26791285e-08  3.88649266e-10]
[ 0.00000000e+00 -1.18127169e-12 -1.24431639e-13  3.83025999e-11
 -1.17864982e-10 -1.03043759e-15  7.32614079e-16  2.01729675e-05
 -1.03510125e-06 -7.04534959e-09  3.88657930e-10]
[ 0.00000000e+00 -1.18123114e-12 -1.24422770e-13  3.83025999e-11
 -1.17851771e-10 -1.03039648e-15  7.32633853e-16  2.01779285e-05
 -1.03501737e-06 -7.04457350e-09  3.88649266e-10]
[ 0.00000000e+00 -1.18123114e-12 -1.24422997e-13  3.82985700e-11
 -1.17876720e-10 -1.03047910e-15  7.32614079e-16  2.01779285e-05
 -1.03488616e-06 -7.04457350e-09  3.88649266e-10]
[ 0.00000000e+00 -1.18127169e-12 -1.24422997e-13  3.83025999e-11
 -1.17864982e-10 -1.03047655e-15  7.32614079e-16  2.01709710e-05
 -1.03514402e-06 -7.04437587e-09  4.03457424e-10]
[ 0.00000000e+00 -1.18097597e-12 -1.24422595e-13  3.83049040e-11
 -1.17864982e-10 -1.03047655e-15  7.32614079e-16  2.01709710e-05
 -1.03501737e-06 -7.04437587e-09  4.03457424e-10]
[ 0.00000000e+00 -1.18133330e-12 -1.24401362e-13  3.83025999e-11
 -1.17876720e-10 -1.03047910e-15  7.32500732e-16  2.01779285e-05
 -1.03481842e-06 -7.04534959e-09  3.88657930e-10]
[ 0.00000000e+00 -1.18123114e-12 -1.24422997e-13  3.83025999e-11
 -1.17868848e-10 -1.03047655e-15  7.32614079e-16  2.01709710e-05
 -1.03501737e-06 -7.04437587e-09  4.03457424e-10]
[ 0.00000000e+00 -1.18123114e-12 -1.24422997e-13  3.83025999e-11
 -1.17876720e-10 -1.03047910e-15  7.32614079e-16  2.01779285e-05
 -1.03491015e-06 -7.04534959e-09  3.88638981e-10]


 
 
 
generation 5

initial population:
[ 0.00000000e+00 -1.18097597e-12 -1.24438683e-13  3.83049040e-11
 -1.17876720e-10 -1.03047910e-15  7.32668353e-16  2.01756696e-05
 -1.03516315e-06 -7.04469657e-09  3.88643936e-10]
[ 0.00000000e+00 -1.18123114e-12 -1.24437907e-13  3.83025999e-11
 -1.17875989e-10 -1.03047655e-15  7.32614079e-16  2.01727722e-05
 -1.03510125e-06 -7.04534959e-09  3.88657930e-10]
[ 0.00000000e+00 -1.18116503e-12 -1.24422997e-13  3.82957787e-11
 -1.17864982e-10 -1.03057684e-15  7.32493102e-16  2.01717441e-05
 -1.03513531e-06 -7.04437587e-09  3.88649266e-10]
[ 0.00000000e+00 -1.18122467e-12 -1.24447497e-13  3.83025999e-11
 -1.17864982e-10 -1.03043759e-15  7.32614079e-16  2.01766749e-05
 -1.03510125e-06 -7.04534959e-09  3.88657930e-10]
[ 0.00000000e+00 -1.18097936e-12 -1.24446668e-13  3.83001828e-11
 -1.17864982e-10 -1.03047910e-15  7.32536868e-16  2.01751643e-05
 -1.03503125e-06 -7.04577716e-09  3.88636306e-10]
[ 0.00000000e+00 -1.18123114e-12 -1.24422770e-13  3.83068933e-11
 -1.17851771e-10 -1.03039648e-15  7.32614079e-16  2.01764990e-05
 -1.03501737e-06 -7.04577716e-09  3.88589412e-10]
[ 0.00000000e+00 -1.18083242e-12 -1.24446668e-13  3.83013292e-11
 -1.17868902e-10 -1.03047910e-15  7.32525748e-16  2.01764990e-05
 -1.03483384e-06 -7.04566261e-09  3.88636306e-10]
[ 0.00000000e+00 -1.18123114e-12 -1.24408974e-13  3.83100030e-11
 -1.17864982e-10 -1.03047655e-15  7.32614079e-16  2.01698674e-05
 -1.03491015e-06 -7.04534959e-09  3.88657930e-10]
[ 0.00000000e+00 -1.18123114e-12 -1.24422997e-13  3.83025999e-11
 -1.17876720e-10 -1.03047910e-15  7.32614079e-16  2.01779285e-05
 -1.03501737e-06 -7.04534959e-09  3.88657930e-10]
[ 0.00000000e+00 -1.18133330e-12 -1.24431049e-13  3.82985700e-11
 -1.17876720e-10 -1.03047910e-15  7.32614079e-16  2.01783803e-05
 -1.03487271e-06 -7.04457350e-09  3.88649266e-10]

parents after selection:
parent1 and its probability : [ 0.00000000e+00 -1.18083242e-12 -1.24446668e-13  3.83013292e-11
 -1.17868902e-10 -1.03047910e-15  7.32525748e-16  2.01764990e-05
 -1.03483384e-06 -7.04566261e-09  3.88636306e-10]0.09968388232349125
parent2 and its probability:  [ 0.00000000e+00 -1.18083242e-12 -1.24446668e-13  3.83013292e-11
 -1.17868902e-10 -1.03047910e-15  7.32525748e-16  2.01764990e-05
 -1.03483384e-06 -7.04566261e-09  3.88636306e-10]0.09968388232349125
parents after selection:
parent1 and its probability : [ 0.00000000e+00 -1.18123114e-12 -1.24422770e-13  3.83068933e-11
 -1.17851771e-10 -1.03039648e-15  7.32614079e-16  2.01764990e-05
 -1.03501737e-06 -7.04577716e-09  3.88589412e-10]0.10018586724802883
parent2 and its probability:  [ 0.00000000e+00 -1.18123114e-12 -1.24422997e-13  3.83025999e-11
 -1.17876720e-10 -1.03047910e-15  7.32614079e-16  2.01779285e-05
 -1.03501737e-06 -7.04534959e-09  3.88657930e-10]0.09984460051918602
parents after selection:
parent1 and its probability : [ 0.00000000e+00 -1.18116503e-12 -1.24422997e-13  3.82957787e-11
 -1.17864982e-10 -1.03057684e-15  7.32493102e-16  2.01717441e-05
 -1.03513531e-06 -7.04437587e-09  3.88649266e-10]0.10025064990314861
parent2 and its probability:  [ 0.00000000e+00 -1.18097936e-12 -1.24446668e-13  3.83001828e-11
 -1.17864982e-10 -1.03047910e-15  7.32536868e-16  2.01751643e-05
 -1.03503125e-06 -7.04577716e-09  3.88636306e-10]0.10009248674419564
parents after selection:
parent1 and its probability : [ 0.00000000e+00 -1.18116503e-12 -1.24422997e-13  3.82957787e-11
 -1.17864982e-10 -1.03057684e-15  7.32493102e-16  2.01717441e-05
 -1.03513531e-06 -7.04437587e-09  3.88649266e-10]0.10025064990314861
parent2 and its probability:  [ 0.00000000e+00 -1.18123114e-12 -1.24408974e-13  3.83100030e-11
 -1.17864982e-10 -1.03047655e-15  7.32614079e-16  2.01698674e-05
 -1.03491015e-06 -7.04534959e-09  3.88657930e-10]0.09997564014519822
parents after selection:
parent1 and its probability : [ 0.00000000e+00 -1.18123114e-12 -1.24408974e-13  3.83100030e-11
 -1.17864982e-10 -1.03047655e-15  7.32614079e-16  2.01698674e-05
 -1.03491015e-06 -7.04534959e-09  3.88657930e-10]0.09997564014519822
parent2 and its probability:  [ 0.00000000e+00 -1.18097936e-12 -1.24446668e-13  3.83001828e-11
 -1.17864982e-10 -1.03047910e-15  7.32536868e-16  2.01751643e-05
 -1.03503125e-06 -7.04577716e-09  3.88636306e-10]0.10009248674419564
parents after selection:
parent1 and its probability : [ 0.00000000e+00 -1.18123114e-12 -1.24422770e-13  3.83068933e-11
 -1.17851771e-10 -1.03039648e-15  7.32614079e-16  2.01764990e-05
 -1.03501737e-06 -7.04577716e-09  3.88589412e-10]0.10018586724802883
parent2 and its probability:  [ 0.00000000e+00 -1.18083242e-12 -1.24446668e-13  3.83013292e-11
 -1.17868902e-10 -1.03047910e-15  7.32525748e-16  2.01764990e-05
 -1.03483384e-06 -7.04566261e-09  3.88636306e-10]0.09968388232349125
parents after selection:
parent1 and its probability : [ 0.00000000e+00 -1.18123114e-12 -1.24408974e-13  3.83100030e-11
 -1.17864982e-10 -1.03047655e-15  7.32614079e-16  2.01698674e-05
 -1.03491015e-06 -7.04534959e-09  3.88657930e-10]0.09997564014519822
parent2 and its probability:  [ 0.00000000e+00 -1.18123114e-12 -1.24422770e-13  3.83068933e-11
 -1.17851771e-10 -1.03039648e-15  7.32614079e-16  2.01764990e-05
 -1.03501737e-06 -7.04577716e-09  3.88589412e-10]0.10018586724802883
parents after selection:
parent1 and its probability : [ 0.00000000e+00 -1.18122467e-12 -1.24447497e-13  3.83025999e-11
 -1.17864982e-10 -1.03043759e-15  7.32614079e-16  2.01766749e-05
 -1.03510125e-06 -7.04534959e-09  3.88657930e-10]0.10004090833208817
parent2 and its probability:  [ 0.00000000e+00 -1.18123114e-12 -1.24422997e-13  3.83025999e-11
 -1.17876720e-10 -1.03047910e-15  7.32614079e-16  2.01779285e-05
 -1.03501737e-06 -7.04534959e-09  3.88657930e-10]0.09984460051918602
parents after selection:
parent1 and its probability : [ 0.00000000e+00 -1.18123114e-12 -1.24422997e-13  3.83025999e-11
 -1.17876720e-10 -1.03047910e-15  7.32614079e-16  2.01779285e-05
 -1.03501737e-06 -7.04534959e-09  3.88657930e-10]0.09984460051918602
parent2 and its probability:  [ 0.00000000e+00 -1.18123114e-12 -1.24422770e-13  3.83068933e-11
 -1.17851771e-10 -1.03039648e-15  7.32614079e-16  2.01764990e-05
 -1.03501737e-06 -7.04577716e-09  3.88589412e-10]0.10018586724802883
parents after selection:
parent1 and its probability : [ 0.00000000e+00 -1.18123114e-12 -1.24422997e-13  3.83025999e-11
 -1.17876720e-10 -1.03047910e-15  7.32614079e-16  2.01779285e-05
 -1.03501737e-06 -7.04534959e-09  3.88657930e-10]0.09984460051918602
parent2 and its probability:  [ 0.00000000e+00 -1.18123114e-12 -1.24408974e-13  3.83100030e-11
 -1.17864982e-10 -1.03047655e-15  7.32614079e-16  2.01698674e-05
 -1.03491015e-06 -7.04534959e-09  3.88657930e-10]0.09997564014519822
population after corssover:
[ 0.00000000e+00 -1.18083242e-12 -1.24446668e-13  3.83013292e-11
 -1.17868902e-10 -1.03047910e-15  7.32525748e-16  2.01764990e-05
 -1.03483384e-06 -7.04566261e-09  3.88636306e-10]
[ 0.00000000e+00 -1.18123114e-12 -1.24422770e-13  3.83068933e-11
 -1.17851771e-10 -1.03047910e-15  7.32614079e-16  2.01779285e-05
 -1.03501737e-06 -7.04534959e-09  3.88657930e-10]
[ 0.00000000e+00 -1.18116503e-12 -1.24422997e-13  3.83001828e-11
 -1.17864982e-10 -1.03047910e-15  7.32536868e-16  2.01751643e-05
 -1.03503125e-06 -7.04577716e-09  3.88636306e-10]
[ 0.00000000e+00 -1.18116503e-12 -1.24422997e-13  3.82957787e-11
 -1.17864982e-10 -1.03057684e-15  7.32493102e-16  2.01717441e-05
 -1.03491015e-06 -7.04534959e-09  3.88657930e-10]
[ 0.00000000e+00 -1.18123114e-12 -1.24408974e-13  3.83100030e-11
 -1.17864982e-10 -1.03047655e-15  7.32614079e-16  2.01698674e-05
 -1.03503125e-06 -7.04577716e-09  3.88636306e-10]
[ 0.00000000e+00 -1.18123114e-12 -1.24422770e-13  3.83013292e-11
 -1.17868902e-10 -1.03047910e-15  7.32525748e-16  2.01764990e-05
 -1.03483384e-06 -7.04566261e-09  3.88636306e-10]
[ 0.00000000e+00 -1.18123114e-12 -1.24422770e-13  3.83068933e-11
 -1.17851771e-10 -1.03039648e-15  7.32614079e-16  2.01764990e-05
 -1.03501737e-06 -7.04577716e-09  3.88589412e-10]
[ 0.00000000e+00 -1.18122467e-12 -1.24422997e-13  3.83025999e-11
 -1.17876720e-10 -1.03047910e-15  7.32614079e-16  2.01779285e-05
 -1.03501737e-06 -7.04534959e-09  3.88657930e-10]
[ 0.00000000e+00 -1.18123114e-12 -1.24422997e-13  3.83025999e-11
 -1.17851771e-10 -1.03039648e-15  7.32614079e-16  2.01764990e-05
 -1.03501737e-06 -7.04577716e-09  3.88589412e-10]
[ 0.00000000e+00 -1.18123114e-12 -1.24408974e-13  3.83100030e-11
 -1.17864982e-10 -1.03047655e-15  7.32614079e-16  2.01698674e-05
 -1.03491015e-06 -7.04534959e-09  3.88657930e-10]

population after mutation:
[ 0.00000000e+00 -1.18083242e-12 -1.24446795e-13  3.83013292e-11
 -1.17868902e-10 -1.03047910e-15  7.32461596e-16  2.01764990e-05
 -1.03483384e-06 -7.04566261e-09  3.88600589e-10]
[ 0.00000000e+00 -1.18123114e-12 -1.24422770e-13  3.83068933e-11
 -1.17847224e-10 -1.03047910e-15  7.32713161e-16  2.01779285e-05
 -1.03501737e-06 -7.04534959e-09  3.88657930e-10]
[ 0.00000000e+00 -1.18116503e-12 -1.24422997e-13  3.83001828e-11
 -1.17864982e-10 -1.03047910e-15  7.32536868e-16  2.01751643e-05
 -1.03503125e-06 -7.04577716e-09  3.88636306e-10]
[ 0.00000000e+00 -1.18116503e-12 -1.24422997e-13  3.82957787e-11
 -1.17864982e-10 -1.03057684e-15  7.32493102e-16  2.01717441e-05
 -1.03491015e-06 -7.04534959e-09  3.88657930e-10]
[ 0.00000000e+00 -1.18123114e-12 -1.24408974e-13  3.83100030e-11
 -1.17864982e-10 -1.03034914e-15  7.32614079e-16  2.01698674e-05
 -1.03509183e-06 -7.04708628e-09  3.88636306e-10]
[ 0.00000000e+00 -1.18123114e-12 -1.24422770e-13  3.83013292e-11
 -1.17868902e-10 -1.03047910e-15  7.32525748e-16  2.01764990e-05
 -1.03483384e-06 -7.04566261e-09  3.88661862e-10]
[ 0.00000000e+00 -1.18134267e-12 -1.24444567e-13  3.83068933e-11
 -1.17851771e-10 -1.03039648e-15  7.32614079e-16  2.01731853e-05
 -1.03501737e-06 -7.04577716e-09  3.88589412e-10]
[ 0.00000000e+00 -1.18122467e-12 -1.24422997e-13  3.83025999e-11
 -1.17860071e-10 -1.03047910e-15  7.32614079e-16  2.01779285e-05
 -1.03501737e-06 -7.04650942e-09  3.88657930e-10]
[ 0.00000000e+00 -1.18123114e-12 -1.24438105e-13  3.83025999e-11
 -1.17851820e-10 -1.03039648e-15  7.32614079e-16  2.01746393e-05
 -1.03501737e-06 -7.04577716e-09  3.88589412e-10]
[ 0.00000000e+00 -1.18107983e-12 -1.24408974e-13  3.83116638e-11
 -1.17864982e-10 -1.03047655e-15  7.32678617e-16  2.01698674e-05
 -1.03491015e-06 -7.04459041e-09  3.88657930e-10]


 
 
 
generation 6

initial population:
[ 0.00000000e+00 -1.18123114e-12 -1.24408974e-13  3.83100030e-11
 -1.17864982e-10 -1.03034914e-15  7.32614079e-16  2.01698674e-05
 -1.03509183e-06 -7.04708628e-09  3.88636306e-10]
[ 0.00000000e+00 -1.18121944e-12 -1.24444567e-13  3.83037921e-11
 -1.17851771e-10 -1.03039648e-15  7.32472377e-16  2.01731853e-05
 -1.03501737e-06 -7.04577645e-09  3.88589412e-10]
[ 0.00000000e+00 -1.18123114e-12 -1.24438105e-13  3.83025999e-11
 -1.17851820e-10 -1.03049508e-15  7.32614079e-16  2.01772545e-05
 -1.03501737e-06 -7.04577716e-09  3.88589412e-10]
[ 0.00000000e+00 -1.18116503e-12 -1.24413813e-13  3.82929451e-11
 -1.17864982e-10 -1.03057684e-15  7.32493102e-16  2.01717441e-05
 -1.03513531e-06 -7.04437587e-09  3.88649266e-10]
[ 0.00000000e+00 -1.18123114e-12 -1.24437907e-13  3.83025999e-11
 -1.17875989e-10 -1.03047655e-15  7.32614079e-16  2.01727722e-05
 -1.03504293e-06 -7.04534959e-09  3.88729088e-10]
[ 0.00000000e+00 -1.18097597e-12 -1.24436426e-13  3.83049040e-11
 -1.17876720e-10 -1.03047910e-15  7.32668353e-16  2.01756696e-05
 -1.03524277e-06 -7.04469657e-09  3.88637441e-10]
[ 0.00000000e+00 -1.18123114e-12 -1.24444093e-13  3.83068933e-11
 -1.17851771e-10 -1.03039648e-15  7.32598636e-16  2.01764990e-05
 -1.03501737e-06 -7.04577716e-09  3.88589412e-10]
[ 0.00000000e+00 -1.18097936e-12 -1.24446668e-13  3.82999283e-11
 -1.17845604e-10 -1.03043866e-15  7.32536868e-16  2.01751643e-05
 -1.03503125e-06 -7.04577716e-09  3.88636306e-10]
[ 0.00000000e+00 -1.18116503e-12 -1.24422997e-13  3.83001828e-11
 -1.17864982e-10 -1.03047910e-15  7.32536868e-16  2.01751643e-05
 -1.03503125e-06 -7.04577716e-09  3.88636306e-10]
[ 0.00000000e+00 -1.18122467e-12 -1.24447497e-13  3.83025999e-11
 -1.17882174e-10 -1.03043759e-15  7.32586744e-16  2.01761553e-05
 -1.03510125e-06 -7.04534959e-09  3.88657930e-10]

parents after selection:
parent1 and its probability : [ 0.00000000e+00 -1.18097936e-12 -1.24446668e-13  3.82999283e-11
 -1.17845604e-10 -1.03043866e-15  7.32536868e-16  2.01751643e-05
 -1.03503125e-06 -7.04577716e-09  3.88636306e-10]0.09990654841562073
parent2 and its probability:  [ 0.00000000e+00 -1.18097936e-12 -1.24446668e-13  3.82999283e-11
 -1.17845604e-10 -1.03043866e-15  7.32536868e-16  2.01751643e-05
 -1.03503125e-06 -7.04577716e-09  3.88636306e-10]0.09990654841562073
parents after selection:
parent1 and its probability : [ 0.00000000e+00 -1.18123114e-12 -1.24444093e-13  3.83068933e-11
 -1.17851771e-10 -1.03039648e-15  7.32598636e-16  2.01764990e-05
 -1.03501737e-06 -7.04577716e-09  3.88589412e-10]0.10000031789129488
parent2 and its probability:  [ 0.00000000e+00 -1.18116503e-12 -1.24413813e-13  3.82929451e-11
 -1.17864982e-10 -1.03057684e-15  7.32493102e-16  2.01717441e-05
 -1.03513531e-06 -7.04437587e-09  3.88649266e-10]0.10006498056561984
parents after selection:
parent1 and its probability : [ 0.00000000e+00 -1.18122467e-12 -1.24447497e-13  3.83025999e-11
 -1.17882174e-10 -1.03043759e-15  7.32586744e-16  2.01761553e-05
 -1.03510125e-06 -7.04534959e-09  3.88657930e-10]0.09987618087010194
parent2 and its probability:  [ 0.00000000e+00 -1.18122467e-12 -1.24447497e-13  3.83025999e-11
 -1.17882174e-10 -1.03043759e-15  7.32586744e-16  2.01761553e-05
 -1.03510125e-06 -7.04534959e-09  3.88657930e-10]0.09987618087010194
parents after selection:
parent1 and its probability : [ 0.00000000e+00 -1.18097597e-12 -1.24436426e-13  3.83049040e-11
 -1.17876720e-10 -1.03047910e-15  7.32668353e-16  2.01756696e-05
 -1.03524277e-06 -7.04469657e-09  3.88637441e-10]0.10016599979966796
parent2 and its probability:  [ 0.00000000e+00 -1.18116503e-12 -1.24422997e-13  3.83001828e-11
 -1.17864982e-10 -1.03047910e-15  7.32536868e-16  2.01751643e-05
 -1.03503125e-06 -7.04577716e-09  3.88636306e-10]0.09990711033293685
parents after selection:
parent1 and its probability : [ 0.00000000e+00 -1.18116503e-12 -1.24413813e-13  3.82929451e-11
 -1.17864982e-10 -1.03057684e-15  7.32493102e-16  2.01717441e-05
 -1.03513531e-06 -7.04437587e-09  3.88649266e-10]0.10006498056561984
parent2 and its probability:  [ 0.00000000e+00 -1.18122467e-12 -1.24447497e-13  3.83025999e-11
 -1.17882174e-10 -1.03043759e-15  7.32586744e-16  2.01761553e-05
 -1.03510125e-06 -7.04534959e-09  3.88657930e-10]0.09987618087010194
parents after selection:
parent1 and its probability : [ 0.00000000e+00 -1.18116503e-12 -1.24413813e-13  3.82929451e-11
 -1.17864982e-10 -1.03057684e-15  7.32493102e-16  2.01717441e-05
 -1.03513531e-06 -7.04437587e-09  3.88649266e-10]0.10006498056561984
parent2 and its probability:  [ 0.00000000e+00 -1.18097597e-12 -1.24436426e-13  3.83049040e-11
 -1.17876720e-10 -1.03047910e-15  7.32668353e-16  2.01756696e-05
 -1.03524277e-06 -7.04469657e-09  3.88637441e-10]0.10016599979966796
parents after selection:
parent1 and its probability : [ 0.00000000e+00 -1.18097936e-12 -1.24446668e-13  3.82999283e-11
 -1.17845604e-10 -1.03043866e-15  7.32536868e-16  2.01751643e-05
 -1.03503125e-06 -7.04577716e-09  3.88636306e-10]0.09990654841562073
parent2 and its probability:  [ 0.00000000e+00 -1.18123114e-12 -1.24408974e-13  3.83100030e-11
 -1.17864982e-10 -1.03034914e-15  7.32614079e-16  2.01698674e-05
 -1.03509183e-06 -7.04708628e-09  3.88636306e-10]0.100327727223808
parents after selection:
parent1 and its probability : [ 0.00000000e+00 -1.18116503e-12 -1.24413813e-13  3.82929451e-11
 -1.17864982e-10 -1.03057684e-15  7.32493102e-16  2.01717441e-05
 -1.03513531e-06 -7.04437587e-09  3.88649266e-10]0.10006498056561984
parent2 and its probability:  [ 0.00000000e+00 -1.18097597e-12 -1.24436426e-13  3.83049040e-11
 -1.17876720e-10 -1.03047910e-15  7.32668353e-16  2.01756696e-05
 -1.03524277e-06 -7.04469657e-09  3.88637441e-10]0.10016599979966796
parents after selection:
parent1 and its probability : [ 0.00000000e+00 -1.18123114e-12 -1.24444093e-13  3.83068933e-11
 -1.17851771e-10 -1.03039648e-15  7.32598636e-16  2.01764990e-05
 -1.03501737e-06 -7.04577716e-09  3.88589412e-10]0.10000031789129488
parent2 and its probability:  [ 0.00000000e+00 -1.18121944e-12 -1.24444567e-13  3.83037921e-11
 -1.17851771e-10 -1.03039648e-15  7.32472377e-16  2.01731853e-05
 -1.03501737e-06 -7.04577645e-09  3.88589412e-10]0.10013140079692516
parents after selection:
parent1 and its probability : [ 0.00000000e+00 -1.18116503e-12 -1.24413813e-13  3.82929451e-11
 -1.17864982e-10 -1.03057684e-15  7.32493102e-16  2.01717441e-05
 -1.03513531e-06 -7.04437587e-09  3.88649266e-10]0.10006498056561984
parent2 and its probability:  [ 0.00000000e+00 -1.18097936e-12 -1.24446668e-13  3.82999283e-11
 -1.17845604e-10 -1.03043866e-15  7.32536868e-16  2.01751643e-05
 -1.03503125e-06 -7.04577716e-09  3.88636306e-10]0.09990654841562073
population after corssover:
[ 0.00000000e+00 -1.18097936e-12 -1.24446668e-13  3.82999283e-11
 -1.17845604e-10 -1.03043866e-15  7.32536868e-16  2.01751643e-05
 -1.03503125e-06 -7.04577716e-09  3.88636306e-10]
[ 0.00000000e+00 -1.18123114e-12 -1.24444093e-13  3.83068933e-11
 -1.17851771e-10 -1.03057684e-15  7.32493102e-16  2.01717441e-05
 -1.03513531e-06 -7.04437587e-09  3.88649266e-10]
[ 0.00000000e+00 -1.18122467e-12 -1.24447497e-13  3.83025999e-11
 -1.17882174e-10 -1.03043759e-15  7.32586744e-16  2.01761553e-05
 -1.03510125e-06 -7.04534959e-09  3.88657930e-10]
[ 0.00000000e+00 -1.18097597e-12 -1.24436426e-13  3.83049040e-11
 -1.17876720e-10 -1.03047910e-15  7.32668353e-16  2.01751643e-05
 -1.03503125e-06 -7.04577716e-09  3.88636306e-10]
[ 0.00000000e+00 -1.18116503e-12 -1.24413813e-13  3.82929451e-11
 -1.17882174e-10 -1.03043759e-15  7.32586744e-16  2.01761553e-05
 -1.03510125e-06 -7.04534959e-09  3.88657930e-10]
[ 0.00000000e+00 -1.18116503e-12 -1.24413813e-13  3.82929451e-11
 -1.17864982e-10 -1.03057684e-15  7.32493102e-16  2.01717441e-05
 -1.03513531e-06 -7.04437587e-09  3.88637441e-10]
[ 0.00000000e+00 -1.18097936e-12 -1.24446668e-13  3.82999283e-11
 -1.17845604e-10 -1.03043866e-15  7.32536868e-16  2.01751643e-05
 -1.03503125e-06 -7.04577716e-09  3.88636306e-10]
[ 0.00000000e+00 -1.18116503e-12 -1.24413813e-13  3.82929451e-11
 -1.17864982e-10 -1.03057684e-15  7.32493102e-16  2.01717441e-05
 -1.03513531e-06 -7.04469657e-09  3.88637441e-10]
[ 0.00000000e+00 -1.18123114e-12 -1.24444093e-13  3.83068933e-11
 -1.17851771e-10 -1.03039648e-15  7.32472377e-16  2.01731853e-05
 -1.03501737e-06 -7.04577645e-09  3.88589412e-10]
[ 0.00000000e+00 -1.18116503e-12 -1.24413813e-13  3.82929451e-11
 -1.17864982e-10 -1.03057684e-15  7.32536868e-16  2.01751643e-05
 -1.03503125e-06 -7.04577716e-09  3.88636306e-10]

population after mutation:
[ 0.00000000e+00 -1.18097936e-12 -1.24446668e-13  3.82999283e-11
 -1.17845604e-10 -1.03043866e-15  7.32536868e-16  2.01751643e-05
 -1.03503125e-06 -7.04694775e-09  3.88636306e-10]
[ 0.00000000e+00 -1.18123114e-12 -1.24444093e-13  3.83068933e-11
 -1.17856013e-10 -1.03057684e-15  7.32493102e-16  2.01717441e-05
 -1.03513531e-06 -7.04459772e-09  3.88649266e-10]
[ 0.00000000e+00 -1.18122467e-12 -1.24447497e-13  3.83025999e-11
 -1.17882174e-10 -1.03043759e-15  7.32586744e-16  2.01761553e-05
 -1.03510125e-06 -7.04534959e-09  3.88657930e-10]
[ 0.00000000e+00 -1.18097597e-12 -1.24436426e-13  3.83049040e-11
 -1.17886936e-10 -1.03047910e-15  7.32645550e-16  2.01756633e-05
 -1.03503125e-06 -7.04577716e-09  3.88636306e-10]
[ 0.00000000e+00 -1.18116503e-12 -1.24422407e-13  3.82961238e-11
 -1.17882174e-10 -1.03043759e-15  7.32586744e-16  2.01761553e-05
 -1.03510125e-06 -7.04534959e-09  3.88694727e-10]
[ 0.00000000e+00 -1.18116503e-12 -1.24413813e-13  3.82929451e-11
 -1.17864982e-10 -1.03057684e-15  7.32493102e-16  2.01717441e-05
 -1.03513531e-06 -7.04437587e-09  3.88637441e-10]
[ 0.00000000e+00 -1.18097936e-12 -1.24446668e-13  3.82999283e-11
 -1.17845604e-10 -1.03039959e-15  7.32536868e-16  2.01751643e-05
 -1.03503125e-06 -7.04577716e-09  3.88636306e-10]
[ 0.00000000e+00 -1.18116503e-12 -1.24413813e-13  3.82929451e-11
 -1.17874951e-10 -1.03057684e-15  7.32580941e-16  2.01681869e-05
 -1.03513531e-06 -7.04469657e-09  3.88637441e-10]
[ 0.00000000e+00 -1.18126738e-12 -1.24458218e-13  3.83068933e-11
 -1.17851771e-10 -1.03039648e-15  7.32595412e-16  2.01731853e-05
 -1.03501737e-06 -7.04703226e-09  3.88589412e-10]
[ 0.00000000e+00 -1.18116503e-12 -1.24413813e-13  3.82929451e-11
 -1.17864982e-10 -1.03057684e-15  7.32536868e-16  2.01751643e-05
 -1.03502419e-06 -7.04577716e-09  3.88636306e-10]


 
 
 
generation 7

initial population:
[ 0.00000000e+00 -1.18123114e-12 -1.24408974e-13  3.83140939e-11
 -1.17864982e-10 -1.03034914e-15  7.32614079e-16  2.01698674e-05
 -1.03509183e-06 -7.04708628e-09  3.88636306e-10]
[ 0.00000000e+00 -1.18117670e-12 -1.24413813e-13  3.82929451e-11
 -1.17874951e-10 -1.03057684e-15  7.32580941e-16  2.01681869e-05
 -1.03499906e-06 -7.04469657e-09  3.88637441e-10]
[ 0.00000000e+00 -1.18146526e-12 -1.24458218e-13  3.83066693e-11
 -1.17851771e-10 -1.03021346e-15  7.32595412e-16  2.01731853e-05
 -1.03501737e-06 -7.04681501e-09  3.88553862e-10]
[ 0.00000000e+00 -1.18097597e-12 -1.24460174e-13  3.83049040e-11
 -1.17876720e-10 -1.03047910e-15  7.32668353e-16  2.01723120e-05
 -1.03524277e-06 -7.04469657e-09  3.88637441e-10]
[ 0.00000000e+00 -1.18121944e-12 -1.24444567e-13  3.83037921e-11
 -1.17833553e-10 -1.03039648e-15  7.32563313e-16  2.01731853e-05
 -1.03501737e-06 -7.04487105e-09  3.88589412e-10]
[ 0.00000000e+00 -1.18116503e-12 -1.24413813e-13  3.82929451e-11
 -1.17864982e-10 -1.03057684e-15  7.32493102e-16  2.01717441e-05
 -1.03513531e-06 -7.04437587e-09  3.88637441e-10]
[ 0.00000000e+00 -1.18123114e-12 -1.24444093e-13  3.83073804e-11
 -1.17856013e-10 -1.03058843e-15  7.32636147e-16  2.01717441e-05
 -1.03513531e-06 -7.04459772e-09  3.88649266e-10]
[ 0.00000000e+00 -1.18116503e-12 -1.24413813e-13  3.82962666e-11
 -1.17864982e-10 -1.03057684e-15  7.32493102e-16  2.01680924e-05
 -1.03513531e-06 -7.04437587e-09  3.88649266e-10]
[ 0.00000000e+00 -1.18097936e-12 -1.24446668e-13  3.83005526e-11
 -1.17845604e-10 -1.03043866e-15  7.32536868e-16  2.01751643e-05
 -1.03503125e-06 -7.04694775e-09  3.88649144e-10]
[ 0.00000000e+00 -1.18123114e-12 -1.24454764e-13  3.83068933e-11
 -1.17860962e-10 -1.03037111e-15  7.32598636e-16  2.01764990e-05
 -1.03501737e-06 -7.04577716e-09  3.88589412e-10]

parents after selection:
parent1 and its probability : [ 0.00000000e+00 -1.18097936e-12 -1.24446668e-13  3.83005526e-11
 -1.17845604e-10 -1.03043866e-15  7.32536868e-16  2.01751643e-05
 -1.03503125e-06 -7.04694775e-09  3.88649144e-10]0.09981297392322998
parent2 and its probability:  [ 0.00000000e+00 -1.18121944e-12 -1.24444567e-13  3.83037921e-11
 -1.17833553e-10 -1.03039648e-15  7.32563313e-16  2.01731853e-05
 -1.03501737e-06 -7.04487105e-09  3.88589412e-10]0.09991597693580892
parents after selection:
parent1 and its probability : [ 0.00000000e+00 -1.18123114e-12 -1.24408974e-13  3.83140939e-11
 -1.17864982e-10 -1.03034914e-15  7.32614079e-16  2.01698674e-05
 -1.03509183e-06 -7.04708628e-09  3.88636306e-10]0.10018548544365256
parent2 and its probability:  [ 0.00000000e+00 -1.18097936e-12 -1.24446668e-13  3.83005526e-11
 -1.17845604e-10 -1.03043866e-15  7.32536868e-16  2.01751643e-05
 -1.03503125e-06 -7.04694775e-09  3.88649144e-10]0.09981297392322998
parents after selection:
parent1 and its probability : [ 0.00000000e+00 -1.18146526e-12 -1.24458218e-13  3.83066693e-11
 -1.17851771e-10 -1.03021346e-15  7.32595412e-16  2.01731853e-05
 -1.03501737e-06 -7.04681501e-09  3.88553862e-10]0.10020108473994661
parent2 and its probability:  [ 0.00000000e+00 -1.18123114e-12 -1.24454764e-13  3.83068933e-11
 -1.17860962e-10 -1.03037111e-15  7.32598636e-16  2.01764990e-05
 -1.03501737e-06 -7.04577716e-09  3.88589412e-10]0.09985819166153644
parents after selection:
parent1 and its probability : [ 0.00000000e+00 -1.18097597e-12 -1.24460174e-13  3.83049040e-11
 -1.17876720e-10 -1.03047910e-15  7.32668353e-16  2.01723120e-05
 -1.03524277e-06 -7.04469657e-09  3.88637441e-10]0.10015680844128773
parent2 and its probability:  [ 0.00000000e+00 -1.18097597e-12 -1.24460174e-13  3.83049040e-11
 -1.17876720e-10 -1.03047910e-15  7.32668353e-16  2.01723120e-05
 -1.03524277e-06 -7.04469657e-09  3.88637441e-10]0.10015680844128773
parents after selection:
parent1 and its probability : [ 0.00000000e+00 -1.18123114e-12 -1.24408974e-13  3.83140939e-11
 -1.17864982e-10 -1.03034914e-15  7.32614079e-16  2.01698674e-05
 -1.03509183e-06 -7.04708628e-09  3.88636306e-10]0.10018548544365256
parent2 and its probability:  [ 0.00000000e+00 -1.18123114e-12 -1.24444093e-13  3.83073804e-11
 -1.17856013e-10 -1.03058843e-15  7.32636147e-16  2.01717441e-05
 -1.03513531e-06 -7.04459772e-09  3.88649266e-10]0.09994127535123463
parents after selection:
parent1 and its probability : [ 0.00000000e+00 -1.18146526e-12 -1.24458218e-13  3.83066693e-11
 -1.17851771e-10 -1.03021346e-15  7.32595412e-16  2.01731853e-05
 -1.03501737e-06 -7.04681501e-09  3.88553862e-10]0.10020108473994661
parent2 and its probability:  [ 0.00000000e+00 -1.18146526e-12 -1.24458218e-13  3.83066693e-11
 -1.17851771e-10 -1.03021346e-15  7.32595412e-16  2.01731853e-05
 -1.03501737e-06 -7.04681501e-09  3.88553862e-10]0.10020108473994661
parents after selection:
parent1 and its probability : [ 0.00000000e+00 -1.18097597e-12 -1.24460174e-13  3.83049040e-11
 -1.17876720e-10 -1.03047910e-15  7.32668353e-16  2.01723120e-05
 -1.03524277e-06 -7.04469657e-09  3.88637441e-10]0.10015680844128773
parent2 and its probability:  [ 0.00000000e+00 -1.18116503e-12 -1.24413813e-13  3.82962666e-11
 -1.17864982e-10 -1.03057684e-15  7.32493102e-16  2.01680924e-05
 -1.03513531e-06 -7.04437587e-09  3.88649266e-10]0.10006753514405695
parents after selection:
parent1 and its probability : [ 0.00000000e+00 -1.18097597e-12 -1.24460174e-13  3.83049040e-11
 -1.17876720e-10 -1.03047910e-15  7.32668353e-16  2.01723120e-05
 -1.03524277e-06 -7.04469657e-09  3.88637441e-10]0.10015680844128773
parent2 and its probability:  [ 0.00000000e+00 -1.18123114e-12 -1.24454764e-13  3.83068933e-11
 -1.17860962e-10 -1.03037111e-15  7.32598636e-16  2.01764990e-05
 -1.03501737e-06 -7.04577716e-09  3.88589412e-10]0.09985819166153644
parents after selection:
parent1 and its probability : [ 0.00000000e+00 -1.18097936e-12 -1.24446668e-13  3.83005526e-11
 -1.17845604e-10 -1.03043866e-15  7.32536868e-16  2.01751643e-05
 -1.03503125e-06 -7.04694775e-09  3.88649144e-10]0.09981297392322998
parent2 and its probability:  [ 0.00000000e+00 -1.18097936e-12 -1.24446668e-13  3.83005526e-11
 -1.17845604e-10 -1.03043866e-15  7.32536868e-16  2.01751643e-05
 -1.03503125e-06 -7.04694775e-09  3.88649144e-10]0.09981297392322998
parents after selection:
parent1 and its probability : [ 0.00000000e+00 -1.18121944e-12 -1.24444567e-13  3.83037921e-11
 -1.17833553e-10 -1.03039648e-15  7.32563313e-16  2.01731853e-05
 -1.03501737e-06 -7.04487105e-09  3.88589412e-10]0.09991597693580892
parent2 and its probability:  [ 0.00000000e+00 -1.18121944e-12 -1.24444567e-13  3.83037921e-11
 -1.17833553e-10 -1.03039648e-15  7.32563313e-16  2.01731853e-05
 -1.03501737e-06 -7.04487105e-09  3.88589412e-10]0.09991597693580892
population after corssover:
[ 0.00000000e+00 -1.18097936e-12 -1.24446668e-13  3.83005526e-11
 -1.17845604e-10 -1.03043866e-15  7.32563313e-16  2.01731853e-05
 -1.03501737e-06 -7.04487105e-09  3.88589412e-10]
[ 0.00000000e+00 -1.18123114e-12 -1.24408974e-13  3.83140939e-11
 -1.17864982e-10 -1.03034914e-15  7.32614079e-16  2.01698674e-05
 -1.03503125e-06 -7.04694775e-09  3.88649144e-10]
[ 0.00000000e+00 -1.18146526e-12 -1.24458218e-13  3.83066693e-11
 -1.17851771e-10 -1.03021346e-15  7.32595412e-16  2.01764990e-05
 -1.03501737e-06 -7.04577716e-09  3.88589412e-10]
[ 0.00000000e+00 -1.18097597e-12 -1.24460174e-13  3.83049040e-11
 -1.17876720e-10 -1.03047910e-15  7.32668353e-16  2.01723120e-05
 -1.03524277e-06 -7.04469657e-09  3.88637441e-10]
[ 0.00000000e+00 -1.18123114e-12 -1.24444093e-13  3.83073804e-11
 -1.17856013e-10 -1.03058843e-15  7.32636147e-16  2.01717441e-05
 -1.03513531e-06 -7.04459772e-09  3.88649266e-10]
[ 0.00000000e+00 -1.18146526e-12 -1.24458218e-13  3.83066693e-11
 -1.17851771e-10 -1.03021346e-15  7.32595412e-16  2.01731853e-05
 -1.03501737e-06 -7.04681501e-09  3.88553862e-10]
[ 0.00000000e+00 -1.18097597e-12 -1.24413813e-13  3.82962666e-11
 -1.17864982e-10 -1.03057684e-15  7.32493102e-16  2.01680924e-05
 -1.03513531e-06 -7.04437587e-09  3.88649266e-10]
[ 0.00000000e+00 -1.18097597e-12 -1.24460174e-13  3.83049040e-11
 -1.17876720e-10 -1.03047910e-15  7.32598636e-16  2.01764990e-05
 -1.03501737e-06 -7.04577716e-09  3.88589412e-10]
[ 0.00000000e+00 -1.18097936e-12 -1.24446668e-13  3.83005526e-11
 -1.17845604e-10 -1.03043866e-15  7.32536868e-16  2.01751643e-05
 -1.03503125e-06 -7.04694775e-09  3.88649144e-10]
[ 0.00000000e+00 -1.18121944e-12 -1.24444567e-13  3.83037921e-11
 -1.17833553e-10 -1.03039648e-15  7.32563313e-16  2.01731853e-05
 -1.03501737e-06 -7.04487105e-09  3.88589412e-10]

population after mutation:
[ 0.00000000e+00 -1.18097936e-12 -1.24446668e-13  3.83065056e-11
 -1.17845604e-10 -1.03043866e-15  7.32563313e-16  2.01731853e-05
 -1.03501737e-06 -7.04487105e-09  3.88589412e-10]
[ 0.00000000e+00 -1.18123114e-12 -1.24408974e-13  3.83135223e-11
 -1.17864982e-10 -1.03039435e-15  7.32714250e-16  2.01698674e-05
 -1.03503125e-06 -7.04694775e-09  3.88649144e-10]
[ 0.00000000e+00 -1.18146526e-12 -1.24465351e-13  3.83066693e-11
 -1.17851771e-10 -1.03021346e-15  7.32459298e-16  2.01793340e-05
 -1.03490290e-06 -7.04577716e-09  3.88589412e-10]
[ 0.00000000e+00 -1.18097597e-12 -1.24460174e-13  3.82974996e-11
 -1.17856132e-10 -1.03047910e-15  7.32668353e-16  2.01723120e-05
 -1.03524277e-06 -7.04562363e-09  3.88687025e-10]
[ 0.00000000e+00 -1.18123114e-12 -1.24444093e-13  3.83073804e-11
 -1.17856013e-10 -1.03058843e-15  7.32636147e-16  2.01698407e-05
 -1.03513531e-06 -7.04459772e-09  3.88649266e-10]
[ 0.00000000e+00 -1.18146526e-12 -1.24458218e-13  3.83066693e-11
 -1.17851771e-10 -1.03021346e-15  7.32595412e-16  2.01701315e-05
 -1.03506366e-06 -7.04681501e-09  3.88553862e-10]
[ 0.00000000e+00 -1.18097597e-12 -1.24413813e-13  3.82962666e-11
 -1.17864982e-10 -1.03057684e-15  7.32493102e-16  2.01680924e-05
 -1.03513531e-06 -7.04548595e-09  3.88669870e-10]
[ 0.00000000e+00 -1.18104785e-12 -1.24479439e-13  3.83049040e-11
 -1.17876720e-10 -1.03047910e-15  7.32598636e-16  2.01794128e-05
 -1.03501737e-06 -7.04577716e-09  3.88609686e-10]
[ 0.00000000e+00 -1.18097936e-12 -1.24446668e-13  3.83005526e-11
 -1.17845604e-10 -1.03043866e-15  7.32536868e-16  2.01751643e-05
 -1.03503125e-06 -7.04694775e-09  3.88649144e-10]
[ 0.00000000e+00 -1.18121944e-12 -1.24444567e-13  3.83037921e-11
 -1.17829330e-10 -1.03039648e-15  7.32563313e-16  2.01731853e-05
 -1.03487033e-06 -7.04572887e-09  3.88589412e-10]


 
 
 
generation 8

initial population:
[ 0.00000000e+00 -1.18146526e-12 -1.24480919e-13  3.83066693e-11
 -1.17851771e-10 -1.03021346e-15  7.32595412e-16  2.01701315e-05
 -1.03506366e-06 -7.04681501e-09  3.88630098e-10]
[ 0.00000000e+00 -1.18146526e-12 -1.24478752e-13  3.83137347e-11
 -1.17851771e-10 -1.03021346e-15  7.32595412e-16  2.01725065e-05
 -1.03501737e-06 -7.04734948e-09  3.88553862e-10]
[ 0.00000000e+00 -1.18123114e-12 -1.24408974e-13  3.83140939e-11
 -1.17864982e-10 -1.03034914e-15  7.32614079e-16  2.01698674e-05
 -1.03509183e-06 -7.04665916e-09  3.88636306e-10]
[ 0.00000000e+00 -1.18097597e-12 -1.24443818e-13  3.82980301e-11
 -1.17862454e-10 -1.03047910e-15  7.32668353e-16  2.01704791e-05
 -1.03524277e-06 -7.04469657e-09  3.88637441e-10]
[ 0.00000000e+00 -1.18097597e-12 -1.24413813e-13  3.82962666e-11
 -1.17855326e-10 -1.03057684e-15  7.32493102e-16  2.01688199e-05
 -1.03508418e-06 -7.04548595e-09  3.88669870e-10]
[ 0.00000000e+00 -1.18116503e-12 -1.24413813e-13  3.82962666e-11
 -1.17864982e-10 -1.03057684e-15  7.32493102e-16  2.01680924e-05
 -1.03513531e-06 -7.04437587e-09  3.88586640e-10]
[ 0.00000000e+00 -1.18097597e-12 -1.24460174e-13  3.82974996e-11
 -1.17856132e-10 -1.03063185e-15  7.32668353e-16  2.01700037e-05
 -1.03524277e-06 -7.04562363e-09  3.88687025e-10]
[ 0.00000000e+00 -1.18138887e-12 -1.24408974e-13  3.83135223e-11
 -1.17864982e-10 -1.03039435e-15  7.32714250e-16  2.01698674e-05
 -1.03513289e-06 -7.04694775e-09  3.88601897e-10]
[ 0.00000000e+00 -1.18123114e-12 -1.24438771e-13  3.83073804e-11
 -1.17856013e-10 -1.03072940e-15  7.32636147e-16  2.01698407e-05
 -1.03513531e-06 -7.04466948e-09  3.88649266e-10]
[ 0.00000000e+00 -1.18116503e-12 -1.24413813e-13  3.82929451e-11
 -1.17864982e-10 -1.03057684e-15  7.32493102e-16  2.01717441e-05
 -1.03513531e-06 -7.04437587e-09  3.88639051e-10]

parents after selection:
parent1 and its probability : [ 0.00000000e+00 -1.18116503e-12 -1.24413813e-13  3.82962666e-11
 -1.17864982e-10 -1.03057684e-15  7.32493102e-16  2.01680924e-05
 -1.03513531e-06 -7.04437587e-09  3.88586640e-10]0.10014236499333064
parent2 and its probability:  [ 0.00000000e+00 -1.18146526e-12 -1.24478752e-13  3.83137347e-11
 -1.17851771e-10 -1.03021346e-15  7.32595412e-16  2.01725065e-05
 -1.03501737e-06 -7.04734948e-09  3.88553862e-10]0.10011735489273105
parents after selection:
parent1 and its probability : [ 0.00000000e+00 -1.18146526e-12 -1.24478752e-13  3.83137347e-11
 -1.17851771e-10 -1.03021346e-15  7.32595412e-16  2.01725065e-05
 -1.03501737e-06 -7.04734948e-09  3.88553862e-10]0.10011735489273105
parent2 and its probability:  [ 0.00000000e+00 -1.18146526e-12 -1.24478752e-13  3.83137347e-11
 -1.17851771e-10 -1.03021346e-15  7.32595412e-16  2.01725065e-05
 -1.03501737e-06 -7.04734948e-09  3.88553862e-10]0.10011735489273105
parents after selection:
parent1 and its probability : [ 0.00000000e+00 -1.18116503e-12 -1.24413813e-13  3.82929451e-11
 -1.17864982e-10 -1.03057684e-15  7.32493102e-16  2.01717441e-05
 -1.03513531e-06 -7.04437587e-09  3.88639051e-10]0.0998069424706835
parent2 and its probability:  [ 0.00000000e+00 -1.18116503e-12 -1.24413813e-13  3.82962666e-11
 -1.17864982e-10 -1.03057684e-15  7.32493102e-16  2.01680924e-05
 -1.03513531e-06 -7.04437587e-09  3.88586640e-10]0.10014236499333064
parents after selection:
parent1 and its probability : [ 0.00000000e+00 -1.18123114e-12 -1.24408974e-13  3.83140939e-11
 -1.17864982e-10 -1.03034914e-15  7.32614079e-16  2.01698674e-05
 -1.03509183e-06 -7.04665916e-09  3.88636306e-10]0.0999970159274608
parent2 and its probability:  [ 0.00000000e+00 -1.18097597e-12 -1.24460174e-13  3.82974996e-11
 -1.17856132e-10 -1.03063185e-15  7.32668353e-16  2.01700037e-05
 -1.03524277e-06 -7.04562363e-09  3.88687025e-10]0.09999051486569076
parents after selection:
parent1 and its probability : [ 0.00000000e+00 -1.18097597e-12 -1.24443818e-13  3.82980301e-11
 -1.17862454e-10 -1.03047910e-15  7.32668353e-16  2.01704791e-05
 -1.03524277e-06 -7.04469657e-09  3.88637441e-10]0.10007544279263983
parent2 and its probability:  [ 0.00000000e+00 -1.18138887e-12 -1.24408974e-13  3.83135223e-11
 -1.17864982e-10 -1.03039435e-15  7.32714250e-16  2.01698674e-05
 -1.03513289e-06 -7.04694775e-09  3.88601897e-10]0.10021841639435793
parents after selection:
parent1 and its probability : [ 0.00000000e+00 -1.18116503e-12 -1.24413813e-13  3.82929451e-11
 -1.17864982e-10 -1.03057684e-15  7.32493102e-16  2.01717441e-05
 -1.03513531e-06 -7.04437587e-09  3.88639051e-10]0.0998069424706835
parent2 and its probability:  [ 0.00000000e+00 -1.18097597e-12 -1.24413813e-13  3.82962666e-11
 -1.17855326e-10 -1.03057684e-15  7.32493102e-16  2.01688199e-05
 -1.03508418e-06 -7.04548595e-09  3.88669870e-10]0.09981050223251418
parents after selection:
parent1 and its probability : [ 0.00000000e+00 -1.18123114e-12 -1.24408974e-13  3.83140939e-11
 -1.17864982e-10 -1.03034914e-15  7.32614079e-16  2.01698674e-05
 -1.03509183e-06 -7.04665916e-09  3.88636306e-10]0.0999970159274608
parent2 and its probability:  [ 0.00000000e+00 -1.18138887e-12 -1.24408974e-13  3.83135223e-11
 -1.17864982e-10 -1.03039435e-15  7.32714250e-16  2.01698674e-05
 -1.03513289e-06 -7.04694775e-09  3.88601897e-10]0.10021841639435793
parents after selection:
parent1 and its probability : [ 0.00000000e+00 -1.18123114e-12 -1.24408974e-13  3.83140939e-11
 -1.17864982e-10 -1.03034914e-15  7.32614079e-16  2.01698674e-05
 -1.03509183e-06 -7.04665916e-09  3.88636306e-10]0.0999970159274608
parent2 and its probability:  [ 0.00000000e+00 -1.18097597e-12 -1.24443818e-13  3.82980301e-11
 -1.17862454e-10 -1.03047910e-15  7.32668353e-16  2.01704791e-05
 -1.03524277e-06 -7.04469657e-09  3.88637441e-10]0.10007544279263983
parents after selection:
parent1 and its probability : [ 0.00000000e+00 -1.18116503e-12 -1.24413813e-13  3.82962666e-11
 -1.17864982e-10 -1.03057684e-15  7.32493102e-16  2.01680924e-05
 -1.03513531e-06 -7.04437587e-09  3.88586640e-10]0.10014236499333064
parent2 and its probability:  [ 0.00000000e+00 -1.18146526e-12 -1.24478752e-13  3.83137347e-11
 -1.17851771e-10 -1.03021346e-15  7.32595412e-16  2.01725065e-05
 -1.03501737e-06 -7.04734948e-09  3.88553862e-10]0.10011735489273105
parents after selection:
parent1 and its probability : [ 0.00000000e+00 -1.18146526e-12 -1.24480919e-13  3.83066693e-11
 -1.17851771e-10 -1.03021346e-15  7.32595412e-16  2.01701315e-05
 -1.03506366e-06 -7.04681501e-09  3.88630098e-10]0.09997074687664054
parent2 and its probability:  [ 0.00000000e+00 -1.18146526e-12 -1.24478752e-13  3.83137347e-11
 -1.17851771e-10 -1.03021346e-15  7.32595412e-16  2.01725065e-05
 -1.03501737e-06 -7.04734948e-09  3.88553862e-10]0.10011735489273105
population after corssover:
[ 0.00000000e+00 -1.18116503e-12 -1.24413813e-13  3.83137347e-11
 -1.17851771e-10 -1.03021346e-15  7.32595412e-16  2.01725065e-05
 -1.03501737e-06 -7.04734948e-09  3.88553862e-10]
[ 0.00000000e+00 -1.18146526e-12 -1.24478752e-13  3.83137347e-11
 -1.17851771e-10 -1.03021346e-15  7.32595412e-16  2.01725065e-05
 -1.03501737e-06 -7.04734948e-09  3.88553862e-10]
[ 0.00000000e+00 -1.18116503e-12 -1.24413813e-13  3.82962666e-11
 -1.17864982e-10 -1.03057684e-15  7.32493102e-16  2.01680924e-05
 -1.03513531e-06 -7.04437587e-09  3.88586640e-10]
[ 0.00000000e+00 -1.18123114e-12 -1.24408974e-13  3.83140939e-11
 -1.17864982e-10 -1.03034914e-15  7.32614079e-16  2.01698674e-05
 -1.03509183e-06 -7.04665916e-09  3.88687025e-10]
[ 0.00000000e+00 -1.18097597e-12 -1.24443818e-13  3.82980301e-11
 -1.17862454e-10 -1.03039435e-15  7.32714250e-16  2.01698674e-05
 -1.03513289e-06 -7.04694775e-09  3.88601897e-10]
[ 0.00000000e+00 -1.18097597e-12 -1.24413813e-13  3.82962666e-11
 -1.17855326e-10 -1.03057684e-15  7.32493102e-16  2.01688199e-05
 -1.03508418e-06 -7.04548595e-09  3.88669870e-10]
[ 0.00000000e+00 -1.18123114e-12 -1.24408974e-13  3.83140939e-11
 -1.17864982e-10 -1.03034914e-15  7.32614079e-16  2.01698674e-05
 -1.03509183e-06 -7.04694775e-09  3.88601897e-10]
[ 0.00000000e+00 -1.18123114e-12 -1.24408974e-13  3.83140939e-11
 -1.17864982e-10 -1.03047910e-15  7.32668353e-16  2.01704791e-05
 -1.03524277e-06 -7.04469657e-09  3.88637441e-10]
[ 0.00000000e+00 -1.18116503e-12 -1.24413813e-13  3.82962666e-11
 -1.17864982e-10 -1.03057684e-15  7.32493102e-16  2.01725065e-05
 -1.03501737e-06 -7.04734948e-09  3.88553862e-10]
[ 0.00000000e+00 -1.18146526e-12 -1.24480919e-13  3.83066693e-11
 -1.17851771e-10 -1.03021346e-15  7.32595412e-16  2.01701315e-05
 -1.03501737e-06 -7.04734948e-09  3.88553862e-10]

population after mutation:
[ 0.00000000e+00 -1.18116503e-12 -1.24413813e-13  3.83137347e-11
 -1.17848870e-10 -1.03021346e-15  7.32595412e-16  2.01736851e-05
 -1.03501737e-06 -7.04734948e-09  3.88553862e-10]
[ 0.00000000e+00 -1.18146526e-12 -1.24478752e-13  3.83137347e-11
 -1.17847637e-10 -1.03021346e-15  7.32595412e-16  2.01725065e-05
 -1.03501737e-06 -7.04734948e-09  3.88572971e-10]
[ 0.00000000e+00 -1.18116503e-12 -1.24413813e-13  3.82906754e-11
 -1.17864982e-10 -1.03057684e-15  7.32493102e-16  2.01680924e-05
 -1.03513531e-06 -7.04459745e-09  3.88586640e-10]
[ 0.00000000e+00 -1.18123114e-12 -1.24408974e-13  3.83140939e-11
 -1.17864982e-10 -1.03034914e-15  7.32614079e-16  2.01698674e-05
 -1.03509183e-06 -7.04665916e-09  3.88756527e-10]
[ 0.00000000e+00 -1.18108777e-12 -1.24443818e-13  3.82980301e-11
 -1.17862454e-10 -1.03039435e-15  7.32714250e-16  2.01694557e-05
 -1.03513289e-06 -7.04694775e-09  3.88601897e-10]
[ 0.00000000e+00 -1.18097597e-12 -1.24413813e-13  3.82962666e-11
 -1.17855326e-10 -1.03047486e-15  7.32493102e-16  2.01650687e-05
 -1.03508418e-06 -7.04528335e-09  3.88616096e-10]
[ 0.00000000e+00 -1.18123114e-12 -1.24408974e-13  3.83140939e-11
 -1.17864982e-10 -1.03034914e-15  7.32614079e-16  2.01726233e-05
 -1.03509183e-06 -7.04694775e-09  3.88601897e-10]
[ 0.00000000e+00 -1.18123114e-12 -1.24408974e-13  3.83140939e-11
 -1.17864982e-10 -1.03047910e-15  7.32573977e-16  2.01704791e-05
 -1.03524277e-06 -7.04469657e-09  3.88560818e-10]
[ 0.00000000e+00 -1.18116503e-12 -1.24413813e-13  3.82962666e-11
 -1.17864982e-10 -1.03065583e-15  7.32493102e-16  2.01725065e-05
 -1.03497637e-06 -7.04602569e-09  3.88553862e-10]
[ 0.00000000e+00 -1.18146526e-12 -1.24480919e-13  3.83066693e-11
 -1.17868352e-10 -1.03040882e-15  7.32595412e-16  2.01693926e-05
 -1.03501737e-06 -7.04734948e-09  3.88553862e-10]


 
 
 
generation 9

initial population:
[ 0.00000000e+00 -1.18132526e-12 -1.24405585e-13  3.83140939e-11
 -1.17865440e-10 -1.03047910e-15  7.32484838e-16  2.01704791e-05
 -1.03524277e-06 -7.04469657e-09  3.88560818e-10]
[ 0.00000000e+00 -1.18146526e-12 -1.24480919e-13  3.83066693e-11
 -1.17874103e-10 -1.03053366e-15  7.32595412e-16  2.01693926e-05
 -1.03501737e-06 -7.04859338e-09  3.88553862e-10]
[ 0.00000000e+00 -1.18117522e-12 -1.24443818e-13  3.82996970e-11
 -1.17862454e-10 -1.03039435e-15  7.32714250e-16  2.01729406e-05
 -1.03513289e-06 -7.04694775e-09  3.88601897e-10]
[ 0.00000000e+00 -1.18138887e-12 -1.24399834e-13  3.83135223e-11
 -1.17875620e-10 -1.03039435e-15  7.32714250e-16  2.01698674e-05
 -1.03497843e-06 -7.04753555e-09  3.88601897e-10]
[ 0.00000000e+00 -1.18116503e-12 -1.24413813e-13  3.82906754e-11
 -1.17843410e-10 -1.03057684e-15  7.32388910e-16  2.01680924e-05
 -1.03513531e-06 -7.04459745e-09  3.88660602e-10]
[ 0.00000000e+00 -1.18116503e-12 -1.24413813e-13  3.82962666e-11
 -1.17864982e-10 -1.03057684e-15  7.32493102e-16  2.01680924e-05
 -1.03513531e-06 -7.04437587e-09  3.88586640e-10]
[ 0.00000000e+00 -1.18097597e-12 -1.24413813e-13  3.82962666e-11
 -1.17855326e-10 -1.03047486e-15  7.32447229e-16  2.01650687e-05
 -1.03509055e-06 -7.04528335e-09  3.88616096e-10]
[ 0.00000000e+00 -1.18141020e-12 -1.24478752e-13  3.83137347e-11
 -1.17851771e-10 -1.03021346e-15  7.32549251e-16  2.01725065e-05
 -1.03495411e-06 -7.04734948e-09  3.88628294e-10]
[ 0.00000000e+00 -1.18097597e-12 -1.24422420e-13  3.83037363e-11
 -1.17862454e-10 -1.03047408e-15  7.32668353e-16  2.01704791e-05
 -1.03524277e-06 -7.04469657e-09  3.88637441e-10]
[ 0.00000000e+00 -1.18116503e-12 -1.24400386e-13  3.83137347e-11
 -1.17848870e-10 -1.03021346e-15  7.32595412e-16  2.01774106e-05
 -1.03501737e-06 -7.04734948e-09  3.88553862e-10]

parents after selection:
parent1 and its probability : [ 0.00000000e+00 -1.18141020e-12 -1.24478752e-13  3.83137347e-11
 -1.17851771e-10 -1.03021346e-15  7.32549251e-16  2.01725065e-05
 -1.03495411e-06 -7.04734948e-09  3.88628294e-10]0.09966461376591505
parent2 and its probability:  [ 0.00000000e+00 -1.18116503e-12 -1.24413813e-13  3.82962666e-11
 -1.17864982e-10 -1.03057684e-15  7.32493102e-16  2.01680924e-05
 -1.03513531e-06 -7.04437587e-09  3.88586640e-10]0.10007145559571011
parents after selection:
parent1 and its probability : [ 0.00000000e+00 -1.18097597e-12 -1.24413813e-13  3.82962666e-11
 -1.17855326e-10 -1.03047486e-15  7.32447229e-16  2.01650687e-05
 -1.03509055e-06 -7.04528335e-09  3.88616096e-10]0.10007739540630801
parent2 and its probability:  [ 0.00000000e+00 -1.18097597e-12 -1.24422420e-13  3.83037363e-11
 -1.17862454e-10 -1.03047408e-15  7.32668353e-16  2.01704791e-05
 -1.03524277e-06 -7.04469657e-09  3.88637441e-10]0.10000451378740288
parents after selection:
parent1 and its probability : [ 0.00000000e+00 -1.18116503e-12 -1.24413813e-13  3.82906754e-11
 -1.17843410e-10 -1.03057684e-15  7.32388910e-16  2.01680924e-05
 -1.03513531e-06 -7.04459745e-09  3.88660602e-10]0.09981974653789416
parent2 and its probability:  [ 0.00000000e+00 -1.18097597e-12 -1.24422420e-13  3.83037363e-11
 -1.17862454e-10 -1.03047408e-15  7.32668353e-16  2.01704791e-05
 -1.03524277e-06 -7.04469657e-09  3.88637441e-10]0.10000451378740288
parents after selection:
parent1 and its probability : [ 0.00000000e+00 -1.18116503e-12 -1.24413813e-13  3.82962666e-11
 -1.17864982e-10 -1.03057684e-15  7.32493102e-16  2.01680924e-05
 -1.03513531e-06 -7.04437587e-09  3.88586640e-10]0.10007145559571011
parent2 and its probability:  [ 0.00000000e+00 -1.18146526e-12 -1.24480919e-13  3.83066693e-11
 -1.17874103e-10 -1.03053366e-15  7.32595412e-16  2.01693926e-05
 -1.03501737e-06 -7.04859338e-09  3.88553862e-10]0.10027438428022986
parents after selection:
parent1 and its probability : [ 0.00000000e+00 -1.18132526e-12 -1.24405585e-13  3.83140939e-11
 -1.17865440e-10 -1.03047910e-15  7.32484838e-16  2.01704791e-05
 -1.03524277e-06 -7.04469657e-09  3.88560818e-10]0.10028389593136443
parent2 and its probability:  [ 0.00000000e+00 -1.18116503e-12 -1.24400386e-13  3.83137347e-11
 -1.17848870e-10 -1.03021346e-15  7.32595412e-16  2.01774106e-05
 -1.03501737e-06 -7.04734948e-09  3.88553862e-10]0.09985292918380745
parents after selection:
parent1 and its probability : [ 0.00000000e+00 -1.18116503e-12 -1.24400386e-13  3.83137347e-11
 -1.17848870e-10 -1.03021346e-15  7.32595412e-16  2.01774106e-05
 -1.03501737e-06 -7.04734948e-09  3.88553862e-10]0.09985292918380745
parent2 and its probability:  [ 0.00000000e+00 -1.18141020e-12 -1.24478752e-13  3.83137347e-11
 -1.17851771e-10 -1.03021346e-15  7.32549251e-16  2.01725065e-05
 -1.03495411e-06 -7.04734948e-09  3.88628294e-10]0.09966461376591505
parents after selection:
parent1 and its probability : [ 0.00000000e+00 -1.18116503e-12 -1.24413813e-13  3.82906754e-11
 -1.17843410e-10 -1.03057684e-15  7.32388910e-16  2.01680924e-05
 -1.03513531e-06 -7.04459745e-09  3.88660602e-10]0.09981974653789416
parent2 and its probability:  [ 0.00000000e+00 -1.18117522e-12 -1.24443818e-13  3.82996970e-11
 -1.17862454e-10 -1.03039435e-15  7.32714250e-16  2.01729406e-05
 -1.03513289e-06 -7.04694775e-09  3.88601897e-10]0.10002607451462125
parents after selection:
parent1 and its probability : [ 0.00000000e+00 -1.18138887e-12 -1.24399834e-13  3.83135223e-11
 -1.17875620e-10 -1.03039435e-15  7.32714250e-16  2.01698674e-05
 -1.03497843e-06 -7.04753555e-09  3.88601897e-10]0.09992499099674688
parent2 and its probability:  [ 0.00000000e+00 -1.18146526e-12 -1.24480919e-13  3.83066693e-11
 -1.17874103e-10 -1.03053366e-15  7.32595412e-16  2.01693926e-05
 -1.03501737e-06 -7.04859338e-09  3.88553862e-10]0.10027438428022986
parents after selection:
parent1 and its probability : [ 0.00000000e+00 -1.18097597e-12 -1.24422420e-13  3.83037363e-11
 -1.17862454e-10 -1.03047408e-15  7.32668353e-16  2.01704791e-05
 -1.03524277e-06 -7.04469657e-09  3.88637441e-10]0.10000451378740288
parent2 and its probability:  [ 0.00000000e+00 -1.18097597e-12 -1.24422420e-13  3.83037363e-11
 -1.17862454e-10 -1.03047408e-15  7.32668353e-16  2.01704791e-05
 -1.03524277e-06 -7.04469657e-09  3.88637441e-10]0.10000451378740288
parents after selection:
parent1 and its probability : [ 0.00000000e+00 -1.18116503e-12 -1.24413813e-13  3.82906754e-11
 -1.17843410e-10 -1.03057684e-15  7.32388910e-16  2.01680924e-05
 -1.03513531e-06 -7.04459745e-09  3.88660602e-10]0.09981974653789416
parent2 and its probability:  [ 0.00000000e+00 -1.18097597e-12 -1.24413813e-13  3.82962666e-11
 -1.17855326e-10 -1.03047486e-15  7.32447229e-16  2.01650687e-05
 -1.03509055e-06 -7.04528335e-09  3.88616096e-10]0.10007739540630801
population after corssover:
[ 0.00000000e+00 -1.18141020e-12 -1.24478752e-13  3.83137347e-11
 -1.17851771e-10 -1.03057684e-15  7.32493102e-16  2.01680924e-05
 -1.03513531e-06 -7.04437587e-09  3.88586640e-10]
[ 0.00000000e+00 -1.18097597e-12 -1.24413813e-13  3.82962666e-11
 -1.17855326e-10 -1.03047486e-15  7.32447229e-16  2.01650687e-05
 -1.03524277e-06 -7.04469657e-09  3.88637441e-10]
[ 0.00000000e+00 -1.18116503e-12 -1.24413813e-13  3.82906754e-11
 -1.17843410e-10 -1.03057684e-15  7.32388910e-16  2.01680924e-05
 -1.03513531e-06 -7.04459745e-09  3.88637441e-10]
[ 0.00000000e+00 -1.18116503e-12 -1.24480919e-13  3.83066693e-11
 -1.17874103e-10 -1.03053366e-15  7.32595412e-16  2.01693926e-05
 -1.03501737e-06 -7.04859338e-09  3.88553862e-10]
[ 0.00000000e+00 -1.18132526e-12 -1.24405585e-13  3.83140939e-11
 -1.17848870e-10 -1.03021346e-15  7.32595412e-16  2.01774106e-05
 -1.03501737e-06 -7.04734948e-09  3.88553862e-10]
[ 0.00000000e+00 -1.18116503e-12 -1.24400386e-13  3.83137347e-11
 -1.17848870e-10 -1.03021346e-15  7.32595412e-16  2.01774106e-05
 -1.03501737e-06 -7.04734948e-09  3.88628294e-10]
[ 0.00000000e+00 -1.18117522e-12 -1.24443818e-13  3.82996970e-11
 -1.17862454e-10 -1.03039435e-15  7.32714250e-16  2.01729406e-05
 -1.03513289e-06 -7.04694775e-09  3.88601897e-10]
[ 0.00000000e+00 -1.18146526e-12 -1.24480919e-13  3.83066693e-11
 -1.17874103e-10 -1.03053366e-15  7.32595412e-16  2.01693926e-05
 -1.03501737e-06 -7.04859338e-09  3.88553862e-10]
[ 0.00000000e+00 -1.18097597e-12 -1.24422420e-13  3.83037363e-11
 -1.17862454e-10 -1.03047408e-15  7.32668353e-16  2.01704791e-05
 -1.03524277e-06 -7.04469657e-09  3.88637441e-10]
[ 0.00000000e+00 -1.18116503e-12 -1.24413813e-13  3.82906754e-11
 -1.17843410e-10 -1.03047486e-15  7.32447229e-16  2.01650687e-05
 -1.03509055e-06 -7.04528335e-09  3.88616096e-10]

population after mutation:
[ 0.00000000e+00 -1.18141020e-12 -1.24478752e-13  3.83137347e-11
 -1.17871619e-10 -1.03057684e-15  7.32428347e-16  2.01668336e-05
 -1.03513531e-06 -7.04411357e-09  3.88586640e-10]
[ 0.00000000e+00 -1.18080082e-12 -1.24413813e-13  3.82962666e-11
 -1.17878488e-10 -1.03047486e-15  7.32447229e-16  2.01650687e-05
 -1.03539818e-06 -7.04492926e-09  3.88637441e-10]
[ 0.00000000e+00 -1.18116503e-12 -1.24413813e-13  3.82971263e-11
 -1.17843410e-10 -1.03057684e-15  7.32388910e-16  2.01687391e-05
 -1.03513531e-06 -7.04459745e-09  3.88684771e-10]
[ 0.00000000e+00 -1.18116503e-12 -1.24480919e-13  3.83089208e-11
 -1.17874103e-10 -1.03053366e-15  7.32595412e-16  2.01693926e-05
 -1.03501737e-06 -7.04859338e-09  3.88553862e-10]
[ 0.00000000e+00 -1.18132526e-12 -1.24405585e-13  3.83140939e-11
 -1.17848870e-10 -1.03021346e-15  7.32723870e-16  2.01774106e-05
 -1.03501737e-06 -7.04734948e-09  3.88553862e-10]
[ 0.00000000e+00 -1.18116503e-12 -1.24400386e-13  3.83137347e-11
 -1.17848870e-10 -1.03021346e-15  7.32560959e-16  2.01774106e-05
 -1.03501737e-06 -7.04609710e-09  3.88567549e-10]
[ 0.00000000e+00 -1.18117522e-12 -1.24443818e-13  3.83007451e-11
 -1.17862454e-10 -1.03039435e-15  7.32814159e-16  2.01729406e-05
 -1.03513289e-06 -7.04694775e-09  3.88601897e-10]
[ 0.00000000e+00 -1.18146526e-12 -1.24480919e-13  3.83058054e-11
 -1.17874103e-10 -1.03053366e-15  7.32496068e-16  2.01693926e-05
 -1.03501737e-06 -7.04859338e-09  3.88553862e-10]
[ 0.00000000e+00 -1.18097597e-12 -1.24422420e-13  3.83037363e-11
 -1.17862454e-10 -1.03047408e-15  7.32668353e-16  2.01704791e-05
 -1.03532277e-06 -7.04469657e-09  3.88655689e-10]
[ 0.00000000e+00 -1.18116503e-12 -1.24413813e-13  3.82906754e-11
 -1.17843410e-10 -1.03039712e-15  7.32447229e-16  2.01650687e-05
 -1.03509055e-06 -7.04550693e-09  3.88622187e-10]


 SUBMITTED VECTOR : 2 Child after mutation

    [ 0.00000000e+00 -1.18080082e-12 -1.24413813e-13  3.82962666e-11
 -1.17878488e-10 -1.03047486e-15  7.32447229e-16  2.01650687e-05
 -1.03539818e-06 -7.04492926e-09  3.88637441e-10]
 
 
 