
 
 
generation 1

initial population:
[ 0.00000000e+00 -1.09387968e-12 -1.38029840e-13  3.24136025e-11
 -7.66187690e-11 -1.34166586e-15  3.18829474e-16  1.08466059e-05
 -7.33943668e-07 -5.96910732e-09  8.34195362e-10]
[ 0.00000000e+00 -1.08139847e-12 -7.98563335e-14  2.31540475e-11
 -1.21451202e-10 -8.60992426e-16  6.83533856e-16  1.89928632e-05
 -1.36766068e-06 -6.75754594e-09  5.14013169e-10]
[ 0.00000000e+00 -9.28899656e-13 -1.85394264e-13  3.80399885e-11
 -9.41063178e-11 -7.41802435e-16  4.08762335e-16  1.94272015e-05
 -1.68153754e-06 -1.37295488e-08  3.71415375e-10]
[ 0.00000000e+00 -5.38929051e-13 -7.94316291e-14  3.96357267e-11
 -1.39599279e-10 -1.56096787e-15  3.44982296e-16  8.65783208e-06
 -1.77701809e-06 -9.25070444e-09  5.60973946e-10]
[ 0.00000000e+00 -7.01001612e-13 -1.69395180e-13  2.76716166e-11
 -1.35836601e-10 -1.34650077e-15  2.67726035e-16  8.11020145e-06
 -9.22447972e-07 -7.77737030e-09  5.88762740e-10]
[ 0.00000000e+00 -1.21014776e-12 -9.21404582e-14  1.91168113e-11
 -1.04568884e-10 -1.59606335e-15  5.70368484e-16  1.12993170e-05
 -1.22262516e-06 -7.49319506e-09  4.91149408e-10]
[ 0.00000000e+00 -6.24150368e-13 -7.08078299e-14  2.47549025e-11
 -1.32240032e-10 -1.30240093e-15  4.56115867e-16  1.67785166e-05
 -7.70985747e-07 -8.06025517e-09  8.27893303e-10]
[ 0.00000000e+00 -9.06838151e-13 -1.87105457e-13  1.70660503e-11
 -1.55061671e-10 -1.07332649e-15  7.48654030e-16  1.89131461e-05
 -1.64481488e-06 -8.09195136e-09  5.84681363e-10]
[ 0.00000000e+00 -1.29913181e-12 -1.02610862e-13  2.77821757e-11
 -1.51495316e-10 -9.17021463e-16  6.86505384e-16  1.98487821e-05
 -6.70747877e-07 -1.08589299e-08  7.05876797e-10]
[ 0.00000000e+00 -1.28252942e-12 -1.55769985e-13  1.53578175e-11
 -9.49394882e-11 -1.12986366e-15  3.30923056e-16  2.01462928e-05
 -1.16387393e-06 -1.10089047e-08  4.68180438e-10]

parents after selection:
parent1 and its probability : [ 0.00000000e+00 -1.21014776e-12 -9.21404582e-14  1.91168113e-11
 -1.04568884e-10 -1.59606335e-15  5.70368484e-16  1.12993170e-05
 -1.22262516e-06 -7.49319506e-09  4.91149408e-10]0.03919501530044105
parent2 and its probability:  [ 0.00000000e+00 -1.08139847e-12 -7.98563335e-14  2.31540475e-11
 -1.21451202e-10 -8.60992426e-16  6.83533856e-16  1.89928632e-05
 -1.36766068e-06 -6.75754594e-09  5.14013169e-10]0.8539601918838233
parents after selection:
parent1 and its probability : [ 0.00000000e+00 -1.21014776e-12 -9.21404582e-14  1.91168113e-11
 -1.04568884e-10 -1.59606335e-15  5.70368484e-16  1.12993170e-05
 -1.22262516e-06 -7.49319506e-09  4.91149408e-10]0.03919501530044105
parent2 and its probability:  [ 0.00000000e+00 -1.08139847e-12 -7.98563335e-14  2.31540475e-11
 -1.21451202e-10 -8.60992426e-16  6.83533856e-16  1.89928632e-05
 -1.36766068e-06 -6.75754594e-09  5.14013169e-10]0.8539601918838233
parents after selection:
parent1 and its probability : [ 0.00000000e+00 -1.08139847e-12 -7.98563335e-14  2.31540475e-11
 -1.21451202e-10 -8.60992426e-16  6.83533856e-16  1.89928632e-05
 -1.36766068e-06 -6.75754594e-09  5.14013169e-10]0.8539601918838233
parent2 and its probability:  [ 0.00000000e+00 -1.08139847e-12 -7.98563335e-14  2.31540475e-11
 -1.21451202e-10 -8.60992426e-16  6.83533856e-16  1.89928632e-05
 -1.36766068e-06 -6.75754594e-09  5.14013169e-10]0.8539601918838233
parents after selection:
parent1 and its probability : [ 0.00000000e+00 -1.08139847e-12 -7.98563335e-14  2.31540475e-11
 -1.21451202e-10 -8.60992426e-16  6.83533856e-16  1.89928632e-05
 -1.36766068e-06 -6.75754594e-09  5.14013169e-10]0.8539601918838233
parent2 and its probability:  [ 0.00000000e+00 -1.08139847e-12 -7.98563335e-14  2.31540475e-11
 -1.21451202e-10 -8.60992426e-16  6.83533856e-16  1.89928632e-05
 -1.36766068e-06 -6.75754594e-09  5.14013169e-10]0.8539601918838233
parents after selection:
parent1 and its probability : [ 0.00000000e+00 -1.08139847e-12 -7.98563335e-14  2.31540475e-11
 -1.21451202e-10 -8.60992426e-16  6.83533856e-16  1.89928632e-05
 -1.36766068e-06 -6.75754594e-09  5.14013169e-10]0.8539601918838233
parent2 and its probability:  [ 0.00000000e+00 -1.08139847e-12 -7.98563335e-14  2.31540475e-11
 -1.21451202e-10 -8.60992426e-16  6.83533856e-16  1.89928632e-05
 -1.36766068e-06 -6.75754594e-09  5.14013169e-10]0.8539601918838233
parents after selection:
parent1 and its probability : [ 0.00000000e+00 -1.08139847e-12 -7.98563335e-14  2.31540475e-11
 -1.21451202e-10 -8.60992426e-16  6.83533856e-16  1.89928632e-05
 -1.36766068e-06 -6.75754594e-09  5.14013169e-10]0.8539601918838233
parent2 and its probability:  [ 0.00000000e+00 -1.08139847e-12 -7.98563335e-14  2.31540475e-11
 -1.21451202e-10 -8.60992426e-16  6.83533856e-16  1.89928632e-05
 -1.36766068e-06 -6.75754594e-09  5.14013169e-10]0.8539601918838233
parents after selection:
parent1 and its probability : [ 0.00000000e+00 -1.28252942e-12 -1.55769985e-13  1.53578175e-11
 -9.49394882e-11 -1.12986366e-15  3.30923056e-16  2.01462928e-05
 -1.16387393e-06 -1.10089047e-08  4.68180438e-10]0.06884801805658201
parent2 and its probability:  [ 0.00000000e+00 -1.08139847e-12 -7.98563335e-14  2.31540475e-11
 -1.21451202e-10 -8.60992426e-16  6.83533856e-16  1.89928632e-05
 -1.36766068e-06 -6.75754594e-09  5.14013169e-10]0.8539601918838233
parents after selection:
parent1 and its probability : [ 0.00000000e+00 -1.08139847e-12 -7.98563335e-14  2.31540475e-11
 -1.21451202e-10 -8.60992426e-16  6.83533856e-16  1.89928632e-05
 -1.36766068e-06 -6.75754594e-09  5.14013169e-10]0.8539601918838233
parent2 and its probability:  [ 0.00000000e+00 -1.08139847e-12 -7.98563335e-14  2.31540475e-11
 -1.21451202e-10 -8.60992426e-16  6.83533856e-16  1.89928632e-05
 -1.36766068e-06 -6.75754594e-09  5.14013169e-10]0.8539601918838233
parents after selection:
parent1 and its probability : [ 0.00000000e+00 -1.08139847e-12 -7.98563335e-14  2.31540475e-11
 -1.21451202e-10 -8.60992426e-16  6.83533856e-16  1.89928632e-05
 -1.36766068e-06 -6.75754594e-09  5.14013169e-10]0.8539601918838233
parent2 and its probability:  [ 0.00000000e+00 -1.21014776e-12 -9.21404582e-14  1.91168113e-11
 -1.04568884e-10 -1.59606335e-15  5.70368484e-16  1.12993170e-05
 -1.22262516e-06 -7.49319506e-09  4.91149408e-10]0.03919501530044105
parents after selection:
parent1 and its probability : [ 0.00000000e+00 -1.08139847e-12 -7.98563335e-14  2.31540475e-11
 -1.21451202e-10 -8.60992426e-16  6.83533856e-16  1.89928632e-05
 -1.36766068e-06 -6.75754594e-09  5.14013169e-10]0.8539601918838233
parent2 and its probability:  [ 0.00000000e+00 -1.08139847e-12 -7.98563335e-14  2.31540475e-11
 -1.21451202e-10 -8.60992426e-16  6.83533856e-16  1.89928632e-05
 -1.36766068e-06 -6.75754594e-09  5.14013169e-10]0.8539601918838233
population after corssover:
[ 0.00000000e+00 -1.21014776e-12 -9.21404582e-14  1.91168113e-11
 -1.04568884e-10 -1.59606335e-15  6.83533856e-16  1.89928632e-05
 -1.36766068e-06 -6.75754594e-09  5.14013169e-10]
[ 0.00000000e+00 -1.21014776e-12 -9.21404582e-14  1.91168113e-11
 -1.04568884e-10 -1.59606335e-15  6.83533856e-16  1.89928632e-05
 -1.36766068e-06 -6.75754594e-09  5.14013169e-10]
[ 0.00000000e+00 -1.08139847e-12 -7.98563335e-14  2.31540475e-11
 -1.21451202e-10 -8.60992426e-16  6.83533856e-16  1.89928632e-05
 -1.36766068e-06 -6.75754594e-09  5.14013169e-10]
[ 0.00000000e+00 -1.08139847e-12 -7.98563335e-14  2.31540475e-11
 -1.21451202e-10 -8.60992426e-16  6.83533856e-16  1.89928632e-05
 -1.36766068e-06 -6.75754594e-09  5.14013169e-10]
[ 0.00000000e+00 -1.08139847e-12 -7.98563335e-14  2.31540475e-11
 -1.21451202e-10 -8.60992426e-16  6.83533856e-16  1.89928632e-05
 -1.36766068e-06 -6.75754594e-09  5.14013169e-10]
[ 0.00000000e+00 -1.08139847e-12 -7.98563335e-14  2.31540475e-11
 -1.21451202e-10 -8.60992426e-16  6.83533856e-16  1.89928632e-05
 -1.36766068e-06 -6.75754594e-09  5.14013169e-10]
[ 0.00000000e+00 -1.28252942e-12 -1.55769985e-13  1.53578175e-11
 -9.49394882e-11 -8.60992426e-16  6.83533856e-16  1.89928632e-05
 -1.36766068e-06 -6.75754594e-09  5.14013169e-10]
[ 0.00000000e+00 -1.08139847e-12 -7.98563335e-14  2.31540475e-11
 -1.21451202e-10 -8.60992426e-16  6.83533856e-16  1.89928632e-05
 -1.36766068e-06 -6.75754594e-09  5.14013169e-10]
[ 0.00000000e+00 -1.08139847e-12 -7.98563335e-14  2.31540475e-11
 -1.21451202e-10 -8.60992426e-16  6.83533856e-16  1.89928632e-05
 -1.22262516e-06 -7.49319506e-09  4.91149408e-10]
[ 0.00000000e+00 -1.08139847e-12 -7.98563335e-14  2.31540475e-11
 -1.21451202e-10 -8.60992426e-16  6.83533856e-16  1.89928632e-05
 -1.36766068e-06 -6.75754594e-09  5.14013169e-10]

population after mutation:
[ 0.00000000e+00 -1.21034084e-12 -9.21404582e-14  1.91168113e-11
 -1.04568884e-10 -1.59606335e-15  6.83400513e-16  1.89928632e-05
 -1.36766068e-06 -6.75754594e-09  5.14028072e-10]
[ 0.00000000e+00 -1.21014776e-12 -9.21404582e-14  1.91168113e-11
 -1.04568884e-10 -1.59606335e-15  6.83533856e-16  1.89894027e-05
 -1.36766068e-06 -6.75754594e-09  5.14013169e-10]
[ 0.00000000e+00 -1.08139847e-12 -7.98563335e-14  2.31540475e-11
 -1.21455897e-10 -8.60992426e-16  6.83533856e-16  1.89928632e-05
 -1.36766068e-06 -6.75754594e-09  5.14013169e-10]
[ 0.00000000e+00 -1.08139847e-12 -7.98563335e-14  2.31517824e-11
 -1.21451202e-10 -8.60992426e-16  6.83533856e-16  1.89928632e-05
 -1.36766068e-06 -6.75754594e-09  5.14013169e-10]
[ 0.00000000e+00 -1.08139847e-12 -7.98563335e-14  2.31540475e-11
 -1.21451202e-10 -8.61088942e-16  6.83533856e-16  1.89928632e-05
 -1.36766068e-06 -6.75754594e-09  5.13930670e-10]
[ 0.00000000e+00 -1.08139847e-12 -7.98563335e-14  2.31540475e-11
 -1.21451202e-10 -8.60992426e-16  6.83533856e-16  1.89925768e-05
 -1.36741171e-06 -6.75754594e-09  5.14013169e-10]
[ 0.00000000e+00 -1.28278380e-12 -1.55769985e-13  1.53594885e-11
 -9.49394882e-11 -8.60992426e-16  6.83533856e-16  1.89928632e-05
 -1.36766068e-06 -6.75806404e-09  5.14013169e-10]
[ 0.00000000e+00 -1.08139847e-12 -7.98563335e-14  2.31506598e-11
 -1.21451202e-10 -8.60992426e-16  6.83533856e-16  1.89902391e-05
 -1.36766068e-06 -6.75754594e-09  5.14054802e-10]
[ 0.00000000e+00 -1.08139847e-12 -7.98563335e-14  2.31540475e-11
 -1.21451202e-10 -8.60992426e-16  6.83533856e-16  1.89928632e-05
 -1.22262516e-06 -7.49319506e-09  4.91086592e-10]
[ 0.00000000e+00 -1.08139847e-12 -7.98563335e-14  2.31540475e-11
 -1.21452147e-10 -8.61056949e-16  6.83533856e-16  1.89928632e-05
 -1.36766068e-06 -6.75782519e-09  5.14013169e-10]

 

generation 3

initial population:
[ 0.00000000e+00 -1.08139847e-12 -7.98642326e-14  2.31540475e-11
 -1.21451202e-10 -8.60992426e-16  6.83533856e-16  1.89925768e-05
 -1.36714781e-06 -6.75754594e-09  5.14013169e-10]
[ 0.00000000e+00 -1.08132787e-12 -7.98714896e-14  2.31511585e-11
 -1.21451202e-10 -8.60992426e-16  6.83533856e-16  1.89902391e-05
 -1.36766068e-06 -6.75717533e-09  5.14054802e-10]
[ 0.00000000e+00 -1.08139847e-12 -7.98563335e-14  2.31540475e-11
 -1.21451202e-10 -8.60992426e-16  6.83533856e-16  1.89928632e-05
 -1.36766068e-06 -6.75754594e-09  5.13986507e-10]
[ 0.00000000e+00 -1.08139847e-12 -7.98563335e-14  2.31517824e-11
 -1.21451202e-10 -8.60992426e-16  6.83533856e-16  1.89928632e-05
 -1.36766251e-06 -6.75754594e-09  5.13947585e-10]
[ 0.00000000e+00 -1.08139847e-12 -7.98563335e-14  2.31536401e-11
 -1.21455897e-10 -8.60992426e-16  6.83533856e-16  1.89928632e-05
 -1.36754115e-06 -6.75754594e-09  5.13949477e-10]
[ 0.00000000e+00 -1.08139847e-12 -7.98563335e-14  2.31540475e-11
 -1.21452147e-10 -8.61056949e-16  6.83533856e-16  1.89947603e-05
 -1.36766068e-06 -6.75782519e-09  5.14013169e-10]
[ 0.00000000e+00 -1.28278380e-12 -1.55769985e-13  1.53594885e-11
 -9.49394882e-11 -8.60992426e-16  6.83425606e-16  1.89928632e-05
 -1.36766068e-06 -6.75878688e-09  5.14013169e-10]
[ 0.00000000e+00 -1.08150926e-12 -7.98563335e-14  2.31540475e-11
 -1.21471549e-10 -8.61095161e-16  6.83533856e-16  1.89928632e-05
 -1.36766068e-06 -6.75754594e-09  5.13930670e-10]
[ 0.00000000e+00 -1.08124347e-12 -7.98563335e-14  2.31540475e-11
 -1.21451202e-10 -8.60992426e-16  6.83533856e-16  1.89915993e-05
 -1.22262516e-06 -7.49319506e-09  4.91005657e-10]
[ 0.00000000e+00 -1.21052594e-12 -9.21404582e-14  1.91168113e-11
 -1.04568884e-10 -1.59605250e-15  6.83354376e-16  1.89928632e-05
 -1.36766068e-06 -6.75805001e-09  5.14028072e-10]

parents after selection:
parent1 and its probability : [ 0.00000000e+00 -1.08132787e-12 -7.98714896e-14  2.31511585e-11
 -1.21451202e-10 -8.60992426e-16  6.83533856e-16  1.89902391e-05
 -1.36766068e-06 -6.75717533e-09  5.14054802e-10]0.11611849459155596
parent2 and its probability:  [ 0.00000000e+00 -1.08139847e-12 -7.98563335e-14  2.31540475e-11
 -1.21452147e-10 -8.61056949e-16  6.83533856e-16  1.89947603e-05
 -1.36766068e-06 -6.75782519e-09  5.14013169e-10]0.1159406617573987
parents after selection:
parent1 and its probability : [ 0.00000000e+00 -1.08150926e-12 -7.98563335e-14  2.31540475e-11
 -1.21471549e-10 -8.61095161e-16  6.83533856e-16  1.89928632e-05
 -1.36766068e-06 -6.75754594e-09  5.13930670e-10]0.11532900902695914
parent2 and its probability:  [ 0.00000000e+00 -1.28278380e-12 -1.55769985e-13  1.53594885e-11
 -9.49394882e-11 -8.60992426e-16  6.83425606e-16  1.89928632e-05
 -1.36766068e-06 -6.75878688e-09  5.14013169e-10]0.11575895678724082
parents after selection:
parent1 and its probability : [ 0.00000000e+00 -1.28278380e-12 -1.55769985e-13  1.53594885e-11
 -9.49394882e-11 -8.60992426e-16  6.83425606e-16  1.89928632e-05
 -1.36766068e-06 -6.75878688e-09  5.14013169e-10]0.11575895678724082
parent2 and its probability:  [ 0.00000000e+00 -1.08139847e-12 -7.98563335e-14  2.31536401e-11
 -1.21455897e-10 -8.60992426e-16  6.83533856e-16  1.89928632e-05
 -1.36754115e-06 -6.75754594e-09  5.13949477e-10]0.11579908565132029
parents after selection:
parent1 and its probability : [ 0.00000000e+00 -1.08139847e-12 -7.98642326e-14  2.31540475e-11
 -1.21451202e-10 -8.60992426e-16  6.83533856e-16  1.89925768e-05
 -1.36714781e-06 -6.75754594e-09  5.14013169e-10]0.11724833620447042
parent2 and its probability:  [ 0.00000000e+00 -1.08139847e-12 -7.98563335e-14  2.31517824e-11
 -1.21451202e-10 -8.60992426e-16  6.83533856e-16  1.89928632e-05
 -1.36766251e-06 -6.75754594e-09  5.13947585e-10]0.11546281059375513
parents after selection:
parent1 and its probability : [ 0.00000000e+00 -1.28278380e-12 -1.55769985e-13  1.53594885e-11
 -9.49394882e-11 -8.60992426e-16  6.83425606e-16  1.89928632e-05
 -1.36766068e-06 -6.75878688e-09  5.14013169e-10]0.11575895678724082
parent2 and its probability:  [ 0.00000000e+00 -1.28278380e-12 -1.55769985e-13  1.53594885e-11
 -9.49394882e-11 -8.60992426e-16  6.83425606e-16  1.89928632e-05
 -1.36766068e-06 -6.75878688e-09  5.14013169e-10]0.11575895678724082
parents after selection:
parent1 and its probability : [ 0.00000000e+00 -1.28278380e-12 -1.55769985e-13  1.53594885e-11
 -9.49394882e-11 -8.60992426e-16  6.83425606e-16  1.89928632e-05
 -1.36766068e-06 -6.75878688e-09  5.14013169e-10]0.11575895678724082
parent2 and its probability:  [ 0.00000000e+00 -1.28278380e-12 -1.55769985e-13  1.53594885e-11
 -9.49394882e-11 -8.60992426e-16  6.83425606e-16  1.89928632e-05
 -1.36766068e-06 -6.75878688e-09  5.14013169e-10]0.11575895678724082
parents after selection:
parent1 and its probability : [ 0.00000000e+00 -1.08139847e-12 -7.98563335e-14  2.31540475e-11
 -1.21452147e-10 -8.61056949e-16  6.83533856e-16  1.89947603e-05
 -1.36766068e-06 -6.75782519e-09  5.14013169e-10]0.1159406617573987
parent2 and its probability:  [ 0.00000000e+00 -1.08139847e-12 -7.98563335e-14  2.31540475e-11
 -1.21451202e-10 -8.60992426e-16  6.83533856e-16  1.89928632e-05
 -1.36766068e-06 -6.75754594e-09  5.13986507e-10]0.11572922618192569
parents after selection:
parent1 and its probability : [ 0.00000000e+00 -1.08139847e-12 -7.98563335e-14  2.31540475e-11
 -1.21452147e-10 -8.61056949e-16  6.83533856e-16  1.89947603e-05
 -1.36766068e-06 -6.75782519e-09  5.14013169e-10]0.1159406617573987
parent2 and its probability:  [ 0.00000000e+00 -1.08139847e-12 -7.98563335e-14  2.31536401e-11
 -1.21455897e-10 -8.60992426e-16  6.83533856e-16  1.89928632e-05
 -1.36754115e-06 -6.75754594e-09  5.13949477e-10]0.11579908565132029
parents after selection:
parent1 and its probability : [ 0.00000000e+00 -1.08139847e-12 -7.98642326e-14  2.31540475e-11
 -1.21451202e-10 -8.60992426e-16  6.83533856e-16  1.89925768e-05
 -1.36714781e-06 -6.75754594e-09  5.14013169e-10]0.11724833620447042
parent2 and its probability:  [ 0.00000000e+00 -1.08139847e-12 -7.98563335e-14  2.31517824e-11
 -1.21451202e-10 -8.60992426e-16  6.83533856e-16  1.89928632e-05
 -1.36766251e-06 -6.75754594e-09  5.13947585e-10]0.11546281059375513
parents after selection:
parent1 and its probability : [ 0.00000000e+00 -1.08139847e-12 -7.98563335e-14  2.31536401e-11
 -1.21455897e-10 -8.60992426e-16  6.83533856e-16  1.89928632e-05
 -1.36754115e-06 -6.75754594e-09  5.13949477e-10]0.11579908565132029
parent2 and its probability:  [ 0.00000000e+00 -1.08139847e-12 -7.98563335e-14  2.31540475e-11
 -1.21451202e-10 -8.60992426e-16  6.83533856e-16  1.89928632e-05
 -1.36766068e-06 -6.75754594e-09  5.13986507e-10]0.11572922618192569
population after corssover:
[ 0.00000000e+00 -1.08132787e-12 -7.98714896e-14  2.31511585e-11
 -1.21451202e-10 -8.61056949e-16  6.83533856e-16  1.89947603e-05
 -1.36766068e-06 -6.75782519e-09  5.14013169e-10]
[ 0.00000000e+00 -1.08150926e-12 -1.55769985e-13  1.53594885e-11
 -9.49394882e-11 -8.60992426e-16  6.83425606e-16  1.89928632e-05
 -1.36766068e-06 -6.75878688e-09  5.14013169e-10]
[ 0.00000000e+00 -1.28278380e-12 -7.98563335e-14  2.31536401e-11
 -1.21455897e-10 -8.60992426e-16  6.83533856e-16  1.89928632e-05
 -1.36754115e-06 -6.75754594e-09  5.13949477e-10]
[ 0.00000000e+00 -1.08139847e-12 -7.98563335e-14  2.31517824e-11
 -1.21451202e-10 -8.60992426e-16  6.83533856e-16  1.89928632e-05
 -1.36766251e-06 -6.75754594e-09  5.13947585e-10]
[ 0.00000000e+00 -1.28278380e-12 -1.55769985e-13  1.53594885e-11
 -9.49394882e-11 -8.60992426e-16  6.83425606e-16  1.89928632e-05
 -1.36766068e-06 -6.75878688e-09  5.14013169e-10]
[ 0.00000000e+00 -1.28278380e-12 -1.55769985e-13  1.53594885e-11
 -9.49394882e-11 -8.60992426e-16  6.83425606e-16  1.89928632e-05
 -1.36766068e-06 -6.75878688e-09  5.14013169e-10]
[ 0.00000000e+00 -1.08139847e-12 -7.98563335e-14  2.31540475e-11
 -1.21451202e-10 -8.60992426e-16  6.83533856e-16  1.89928632e-05
 -1.36766068e-06 -6.75754594e-09  5.13986507e-10]
[ 0.00000000e+00 -1.08139847e-12 -7.98563335e-14  2.31540475e-11
 -1.21452147e-10 -8.60992426e-16  6.83533856e-16  1.89928632e-05
 -1.36754115e-06 -6.75754594e-09  5.13949477e-10]
[ 0.00000000e+00 -1.08139847e-12 -7.98642326e-14  2.31540475e-11
 -1.21451202e-10 -8.60992426e-16  6.83533856e-16  1.89925768e-05
 -1.36714781e-06 -6.75754594e-09  5.13947585e-10]
[ 0.00000000e+00 -1.08139847e-12 -7.98563335e-14  2.31540475e-11
 -1.21451202e-10 -8.60992426e-16  6.83533856e-16  1.89928632e-05
 -1.36766068e-06 -6.75754594e-09  5.13986507e-10]

population after mutation:
[ 0.00000000e+00 -1.08132787e-12 -7.98822468e-14  2.31511585e-11
 -1.21451202e-10 -8.61056949e-16  6.83533856e-16  1.89937771e-05
 -1.36766068e-06 -6.75782519e-09  5.14013169e-10]
[ 0.00000000e+00 -1.08150926e-12 -1.55769985e-13  1.53594885e-11
 -9.49394882e-11 -8.60992426e-16  6.83475932e-16  1.89901360e-05
 -1.36766068e-06 -6.75878688e-09  5.14058724e-10]
[ 0.00000000e+00 -1.28278380e-12 -7.98623061e-14  2.31536401e-11
 -1.21455897e-10 -8.60992426e-16  6.83533856e-16  1.89928632e-05
 -1.36754115e-06 -6.75874617e-09  5.13949477e-10]
[ 0.00000000e+00 -1.08139847e-12 -7.98563335e-14  2.31557421e-11
 -1.21451202e-10 -8.60992426e-16  6.83533856e-16  1.89928632e-05
 -1.36758958e-06 -6.75754594e-09  5.13947585e-10]
[ 0.00000000e+00 -1.28292115e-12 -1.55769985e-13  1.53594885e-11
 -9.49394882e-11 -8.60992426e-16  6.83425606e-16  1.89905820e-05
 -1.36766068e-06 -6.75896304e-09  5.13992616e-10]
[ 0.00000000e+00 -1.28264005e-12 -1.55769985e-13  1.53594885e-11
 -9.49394882e-11 -8.60992426e-16  6.83353755e-16  1.89933411e-05
 -1.36766068e-06 -6.75878688e-09  5.14073973e-10]
[ 0.00000000e+00 -1.08139847e-12 -7.98563335e-14  2.31540475e-11
 -1.21451202e-10 -8.60992426e-16  6.83533856e-16  1.89952311e-05
 -1.36766068e-06 -6.75754594e-09  5.13986507e-10]
[ 0.00000000e+00 -1.08139847e-12 -7.98563335e-14  2.31540475e-11
 -1.21452147e-10 -8.60992426e-16  6.83655931e-16  1.89928632e-05
 -1.36752621e-06 -6.75754594e-09  5.13900324e-10]
[ 0.00000000e+00 -1.08139847e-12 -7.98642326e-14  2.31540475e-11
 -1.21475201e-10 -8.60992426e-16  6.83664879e-16  1.89930980e-05
 -1.36714781e-06 -6.75754594e-09  5.13947585e-10]
[ 0.00000000e+00 -1.08139847e-12 -7.98563335e-14  2.31540475e-11
 -1.21448119e-10 -8.61162327e-16  6.83533856e-16  1.89928632e-05
 -1.36792955e-06 -6.75754594e-09  5.13987239e-10]


 
 
 
generation 4

initial population:
[ 0.00000000e+00 -1.08139847e-12 -7.98520088e-14  2.31526337e-11
 -1.21451202e-10 -8.60992426e-16  6.83533856e-16  1.89924101e-05
 -1.36704082e-06 -6.75754594e-09  5.14013169e-10]
[ 0.00000000e+00 -1.08139847e-12 -7.98642326e-14  2.31540475e-11
 -1.21475201e-10 -8.60929172e-16  6.83664879e-16  1.89914746e-05
 -1.36713609e-06 -6.75754594e-09  5.13947585e-10]
[ 0.00000000e+00 -1.28264005e-12 -1.55769985e-13  1.53594885e-11
 -9.49394882e-11 -8.60992426e-16  6.83353755e-16  1.89933411e-05
 -1.36748875e-06 -6.75948999e-09  5.14073973e-10]
[ 0.00000000e+00 -1.08122927e-12 -7.98712673e-14  2.31511585e-11
 -1.21451202e-10 -8.60992426e-16  6.83533856e-16  1.89875151e-05
 -1.36766068e-06 -6.75717533e-09  5.14073724e-10]
[ 0.00000000e+00 -1.08150926e-12 -1.55769985e-13  1.53623272e-11
 -9.49394882e-11 -8.60992426e-16  6.83475932e-16  1.89901360e-05
 -1.36766068e-06 -6.75878688e-09  5.14033198e-10]
[ 0.00000000e+00 -1.08139847e-12 -7.98618709e-14  2.31564349e-11
 -1.21452147e-10 -8.61056949e-16  6.83533856e-16  1.89947603e-05
 -1.36766068e-06 -6.75782519e-09  5.14013169e-10]
[ 0.00000000e+00 -1.08132787e-12 -7.98822468e-14  2.31511585e-11
 -1.21451202e-10 -8.61056949e-16  6.83533856e-16  1.89933356e-05
 -1.36766068e-06 -6.75782519e-09  5.14013169e-10]
[ 0.00000000e+00 -1.08139847e-12 -7.98563335e-14  2.31540475e-11
 -1.21472880e-10 -8.60992426e-16  6.83404456e-16  1.89952311e-05
 -1.36766068e-06 -6.75754594e-09  5.14068765e-10]
[ 0.00000000e+00 -1.08139847e-12 -7.98563335e-14  2.31560611e-11
 -1.21455897e-10 -8.60992426e-16  6.83533856e-16  1.89928632e-05
 -1.36754115e-06 -6.75754594e-09  5.14011861e-10]
[ 0.00000000e+00 -1.28278380e-12 -1.55744005e-13  1.53594885e-11
 -9.49394882e-11 -8.60992426e-16  6.83357349e-16  1.89928632e-05
 -1.36766068e-06 -6.75764770e-09  5.14013169e-10]

parents after selection:
parent1 and its probability : [ 0.00000000e+00 -1.08139847e-12 -7.98563335e-14  2.31540475e-11
 -1.21472880e-10 -8.60992426e-16  6.83404456e-16  1.89952311e-05
 -1.36766068e-06 -6.75754594e-09  5.14068765e-10]0.1000605875584041
parent2 and its probability:  [ 0.00000000e+00 -1.08139847e-12 -7.98520088e-14  2.31526337e-11
 -1.21451202e-10 -8.60992426e-16  6.83533856e-16  1.89924101e-05
 -1.36704082e-06 -6.75754594e-09  5.14013169e-10]0.10103983436739374
parents after selection:
parent1 and its probability : [ 0.00000000e+00 -1.08139847e-12 -7.98563335e-14  2.31560611e-11
 -1.21455897e-10 -8.60992426e-16  6.83533856e-16  1.89928632e-05
 -1.36754115e-06 -6.75754594e-09  5.14011861e-10]0.0999189007950306
parent2 and its probability:  [ 0.00000000e+00 -1.08139847e-12 -7.98563335e-14  2.31540475e-11
 -1.21472880e-10 -8.60992426e-16  6.83404456e-16  1.89952311e-05
 -1.36766068e-06 -6.75754594e-09  5.14068765e-10]0.1000605875584041
parents after selection:
parent1 and its probability : [ 0.00000000e+00 -1.28278380e-12 -1.55744005e-13  1.53594885e-11
 -9.49394882e-11 -8.60992426e-16  6.83357349e-16  1.89928632e-05
 -1.36766068e-06 -6.75764770e-09  5.14013169e-10]0.09964308724066795
parent2 and its probability:  [ 0.00000000e+00 -1.08122927e-12 -7.98712673e-14  2.31511585e-11
 -1.21451202e-10 -8.60992426e-16  6.83533856e-16  1.89875151e-05
 -1.36766068e-06 -6.75717533e-09  5.14073724e-10]0.09984270146286825
parents after selection:
parent1 and its probability : [ 0.00000000e+00 -1.08139847e-12 -7.98563335e-14  2.31540475e-11
 -1.21472880e-10 -8.60992426e-16  6.83404456e-16  1.89952311e-05
 -1.36766068e-06 -6.75754594e-09  5.14068765e-10]0.1000605875584041
parent2 and its probability:  [ 0.00000000e+00 -1.08139847e-12 -7.98563335e-14  2.31560611e-11
 -1.21455897e-10 -8.60992426e-16  6.83533856e-16  1.89928632e-05
 -1.36754115e-06 -6.75754594e-09  5.14011861e-10]0.0999189007950306
parents after selection:
parent1 and its probability : [ 0.00000000e+00 -1.08139847e-12 -7.98618709e-14  2.31564349e-11
 -1.21452147e-10 -8.61056949e-16  6.83533856e-16  1.89947603e-05
 -1.36766068e-06 -6.75782519e-09  5.14013169e-10]0.09968160394885153
parent2 and its probability:  [ 0.00000000e+00 -1.08139847e-12 -7.98618709e-14  2.31564349e-11
 -1.21452147e-10 -8.61056949e-16  6.83533856e-16  1.89947603e-05
 -1.36766068e-06 -6.75782519e-09  5.14013169e-10]0.09968160394885153
parents after selection:
parent1 and its probability : [ 0.00000000e+00 -1.08139847e-12 -7.98642326e-14  2.31540475e-11
 -1.21475201e-10 -8.60929172e-16  6.83664879e-16  1.89914746e-05
 -1.36713609e-06 -6.75754594e-09  5.13947585e-10]0.10043221407666873
parent2 and its probability:  [ 0.00000000e+00 -1.28278380e-12 -1.55744005e-13  1.53594885e-11
 -9.49394882e-11 -8.60992426e-16  6.83357349e-16  1.89928632e-05
 -1.36766068e-06 -6.75764770e-09  5.14013169e-10]0.09964308724066795
parents after selection:
parent1 and its probability : [ 0.00000000e+00 -1.08139847e-12 -7.98563335e-14  2.31560611e-11
 -1.21455897e-10 -8.60992426e-16  6.83533856e-16  1.89928632e-05
 -1.36754115e-06 -6.75754594e-09  5.14011861e-10]0.0999189007950306
parent2 and its probability:  [ 0.00000000e+00 -1.08139847e-12 -7.98520088e-14  2.31526337e-11
 -1.21451202e-10 -8.60992426e-16  6.83533856e-16  1.89924101e-05
 -1.36704082e-06 -6.75754594e-09  5.14013169e-10]0.10103983436739374
parents after selection:
parent1 and its probability : [ 0.00000000e+00 -1.08139847e-12 -7.98563335e-14  2.31540475e-11
 -1.21472880e-10 -8.60992426e-16  6.83404456e-16  1.89952311e-05
 -1.36766068e-06 -6.75754594e-09  5.14068765e-10]0.1000605875584041
parent2 and its probability:  [ 0.00000000e+00 -1.08132787e-12 -7.98822468e-14  2.31511585e-11
 -1.21451202e-10 -8.61056949e-16  6.83533856e-16  1.89933356e-05
 -1.36766068e-06 -6.75782519e-09  5.14013169e-10]0.09962883394198976
parents after selection:
parent1 and its probability : [ 0.00000000e+00 -1.08139847e-12 -7.98563335e-14  2.31560611e-11
 -1.21455897e-10 -8.60992426e-16  6.83533856e-16  1.89928632e-05
 -1.36754115e-06 -6.75754594e-09  5.14011861e-10]0.0999189007950306
parent2 and its probability:  [ 0.00000000e+00 -1.08150926e-12 -1.55769985e-13  1.53623272e-11
 -9.49394882e-11 -8.60992426e-16  6.83475932e-16  1.89901360e-05
 -1.36766068e-06 -6.75878688e-09  5.14033198e-10]0.09953955507314582
parents after selection:
parent1 and its probability : [ 0.00000000e+00 -1.28278380e-12 -1.55744005e-13  1.53594885e-11
 -9.49394882e-11 -8.60992426e-16  6.83357349e-16  1.89928632e-05
 -1.36766068e-06 -6.75764770e-09  5.14013169e-10]0.09964308724066795
parent2 and its probability:  [ 0.00000000e+00 -1.28264005e-12 -1.55769985e-13  1.53594885e-11
 -9.49394882e-11 -8.60992426e-16  6.83353755e-16  1.89933411e-05
 -1.36748875e-06 -6.75948999e-09  5.14073973e-10]0.1002126815349793
population after corssover:
[ 0.00000000e+00 -1.08139847e-12 -7.98520088e-14  2.31526337e-11
 -1.21451202e-10 -8.60992426e-16  6.83533856e-16  1.89924101e-05
 -1.36704082e-06 -6.75754594e-09  5.14013169e-10]
[ 0.00000000e+00 -1.08139847e-12 -7.98563335e-14  2.31540475e-11
 -1.21472880e-10 -8.60992426e-16  6.83404456e-16  1.89952311e-05
 -1.36766068e-06 -6.75754594e-09  5.14068765e-10]
[ 0.00000000e+00 -1.28278380e-12 -1.55744005e-13  1.53594885e-11
 -9.49394882e-11 -8.60992426e-16  6.83533856e-16  1.89875151e-05
 -1.36766068e-06 -6.75717533e-09  5.14073724e-10]
[ 0.00000000e+00 -1.08139847e-12 -7.98563335e-14  2.31560611e-11
 -1.21455897e-10 -8.60992426e-16  6.83533856e-16  1.89928632e-05
 -1.36754115e-06 -6.75754594e-09  5.14011861e-10]
[ 0.00000000e+00 -1.08139847e-12 -7.98618709e-14  2.31564349e-11
 -1.21452147e-10 -8.61056949e-16  6.83533856e-16  1.89947603e-05
 -1.36766068e-06 -6.75782519e-09  5.14013169e-10]
[ 0.00000000e+00 -1.08139847e-12 -7.98642326e-14  1.53594885e-11
 -9.49394882e-11 -8.60992426e-16  6.83357349e-16  1.89928632e-05
 -1.36766068e-06 -6.75764770e-09  5.14013169e-10]
[ 0.00000000e+00 -1.08139847e-12 -7.98563335e-14  2.31560611e-11
 -1.21455897e-10 -8.60992426e-16  6.83533856e-16  1.89924101e-05
 -1.36704082e-06 -6.75754594e-09  5.14013169e-10]
[ 0.00000000e+00 -1.08139847e-12 -7.98563335e-14  2.31540475e-11
 -1.21472880e-10 -8.60992426e-16  6.83404456e-16  1.89933356e-05
 -1.36766068e-06 -6.75782519e-09  5.14013169e-10]
[ 0.00000000e+00 -1.08139847e-12 -7.98563335e-14  2.31560611e-11
 -1.21455897e-10 -8.60992426e-16  6.83475932e-16  1.89901360e-05
 -1.36766068e-06 -6.75878688e-09  5.14033198e-10]
[ 0.00000000e+00 -1.28278380e-12 -1.55744005e-13  1.53594885e-11
 -9.49394882e-11 -8.60992426e-16  6.83353755e-16  1.89933411e-05
 -1.36748875e-06 -6.75948999e-09  5.14073973e-10]

population after mutation:
[ 0.00000000e+00 -1.08139847e-12 -7.98520088e-14  2.31526337e-11
 -1.21456738e-10 -8.60992426e-16  6.83533856e-16  1.89924711e-05
 -1.36704082e-06 -6.75754594e-09  5.14013169e-10]
[ 0.00000000e+00 -1.08139431e-12 -7.98563335e-14  2.31540475e-11
 -1.21472880e-10 -8.60886086e-16  6.83404456e-16  1.89952311e-05
 -1.36761083e-06 -6.75754594e-09  5.14079271e-10]
[ 0.00000000e+00 -1.28279084e-12 -1.55744005e-13  1.53594885e-11
 -9.49394882e-11 -8.60966568e-16  6.83533856e-16  1.89875151e-05
 -1.36766068e-06 -6.75717533e-09  5.14073724e-10]
[ 0.00000000e+00 -1.08128392e-12 -7.98563335e-14  2.31560611e-11
 -1.21455897e-10 -8.60992426e-16  6.83533856e-16  1.89917092e-05
 -1.36754115e-06 -6.75754594e-09  5.14011861e-10]
[ 0.00000000e+00 -1.08139847e-12 -7.98618709e-14  2.31525467e-11
 -1.21452147e-10 -8.61056949e-16  6.83533856e-16  1.89947603e-05
 -1.36791322e-06 -6.75782519e-09  5.14013169e-10]
[ 0.00000000e+00 -1.08139847e-12 -7.98642326e-14  1.53594885e-11
 -9.49394882e-11 -8.60992426e-16  6.83357349e-16  1.89928632e-05
 -1.36766068e-06 -6.75764770e-09  5.14013169e-10]
[ 0.00000000e+00 -1.08139847e-12 -7.98509940e-14  2.31606060e-11
 -1.21455897e-10 -8.60992426e-16  6.83533856e-16  1.89928032e-05
 -1.36696896e-06 -6.75754594e-09  5.14013169e-10]
[ 0.00000000e+00 -1.08139847e-12 -7.98563335e-14  2.31532130e-11
 -1.21472880e-10 -8.60992426e-16  6.83404456e-16  1.89927308e-05
 -1.36766068e-06 -6.75729037e-09  5.13924915e-10]
[ 0.00000000e+00 -1.08150499e-12 -7.98563335e-14  2.31560611e-11
 -1.21455897e-10 -8.60992426e-16  6.83475932e-16  1.89901360e-05
 -1.36766068e-06 -6.75878688e-09  5.14089893e-10]
[ 0.00000000e+00 -1.28291334e-12 -1.55744005e-13  1.53594885e-11
 -9.49554449e-11 -8.60867766e-16  6.83353755e-16  1.89933411e-05
 -1.36754130e-06 -6.75948999e-09  5.14073973e-10]


 
 
 
generation 5

initial population:
[ 0.00000000e+00 -1.08139847e-12 -7.98509940e-14  2.31606060e-11
 -1.21455897e-10 -8.60992426e-16  6.83533856e-16  1.89928032e-05
 -1.36696896e-06 -6.75828877e-09  5.14013169e-10]
[ 0.00000000e+00 -1.08160183e-12 -7.98446736e-14  2.31526337e-11
 -1.21456738e-10 -8.60992426e-16  6.83533856e-16  1.89924711e-05
 -1.36704082e-06 -6.75754594e-09  5.14048001e-10]
[ 0.00000000e+00 -1.08142473e-12 -7.98520088e-14  2.31526337e-11
 -1.21451202e-10 -8.60992426e-16  6.83533856e-16  1.89924101e-05
 -1.36704082e-06 -6.75754594e-09  5.14076477e-10]
[ 0.00000000e+00 -1.08139847e-12 -7.98642326e-14  2.31540475e-11
 -1.21475201e-10 -8.60929172e-16  6.83664879e-16  1.89914746e-05
 -1.36713609e-06 -6.75754594e-09  5.13947585e-10]
[ 0.00000000e+00 -1.08139431e-12 -7.98563335e-14  2.31540475e-11
 -1.21472880e-10 -8.60886086e-16  6.83404456e-16  1.89952311e-05
 -1.36761083e-06 -6.75754594e-09  5.14079271e-10]
[ 0.00000000e+00 -1.28264005e-12 -1.55769985e-13  1.53594885e-11
 -9.49394882e-11 -8.60952512e-16  6.83353755e-16  1.89933411e-05
 -1.36745386e-06 -6.75948999e-09  5.14073973e-10]
[ 0.00000000e+00 -1.28291334e-12 -1.55744005e-13  1.53594885e-11
 -9.49554449e-11 -8.60867766e-16  6.83472811e-16  1.89933411e-05
 -1.36754130e-06 -6.75996017e-09  5.13992238e-10]
[ 0.00000000e+00 -1.08139847e-12 -7.98563335e-14  2.31540475e-11
 -1.21472880e-10 -8.60992426e-16  6.83404456e-16  1.89952311e-05
 -1.36766068e-06 -6.75754594e-09  5.13978040e-10]
[ 0.00000000e+00 -1.08139847e-12 -7.98569649e-14  2.31560611e-11
 -1.21455897e-10 -8.60992426e-16  6.83533856e-16  1.89928632e-05
 -1.36754115e-06 -6.75754594e-09  5.14011861e-10]
[ 0.00000000e+00 -1.08114732e-12 -7.98563335e-14  2.31560611e-11
 -1.21455897e-10 -8.60992426e-16  6.83533856e-16  1.89910481e-05
 -1.36744805e-06 -6.75754594e-09  5.14011861e-10]

parents after selection:
parent1 and its probability : [ 0.00000000e+00 -1.08139847e-12 -7.98642326e-14  2.31540475e-11
 -1.21475201e-10 -8.60929172e-16  6.83664879e-16  1.89914746e-05
 -1.36713609e-06 -6.75754594e-09  5.13947585e-10]0.10004329437525293
parent2 and its probability:  [ 0.00000000e+00 -1.08139847e-12 -7.98642326e-14  2.31540475e-11
 -1.21475201e-10 -8.60929172e-16  6.83664879e-16  1.89914746e-05
 -1.36713609e-06 -6.75754594e-09  5.13947585e-10]0.10004329437525293
parents after selection:
parent1 and its probability : [ 0.00000000e+00 -1.28291334e-12 -1.55744005e-13  1.53594885e-11
 -9.49554449e-11 -8.60867766e-16  6.83472811e-16  1.89933411e-05
 -1.36754130e-06 -6.75996017e-09  5.13992238e-10]0.09921478702324033
parent2 and its probability:  [ 0.00000000e+00 -1.28291334e-12 -1.55744005e-13  1.53594885e-11
 -9.49554449e-11 -8.60867766e-16  6.83472811e-16  1.89933411e-05
 -1.36754130e-06 -6.75996017e-09  5.13992238e-10]0.09921478702324033
parents after selection:
parent1 and its probability : [ 0.00000000e+00 -1.08160183e-12 -7.98446736e-14  2.31526337e-11
 -1.21456738e-10 -8.60992426e-16  6.83533856e-16  1.89924711e-05
 -1.36704082e-06 -6.75754594e-09  5.14048001e-10]0.10084699951015756
parent2 and its probability:  [ 0.00000000e+00 -1.08114732e-12 -7.98563335e-14  2.31560611e-11
 -1.21455897e-10 -8.60992426e-16  6.83533856e-16  1.89910481e-05
 -1.36744805e-06 -6.75754594e-09  5.14011861e-10]0.09967656826320366
parents after selection:
parent1 and its probability : [ 0.00000000e+00 -1.28291334e-12 -1.55744005e-13  1.53594885e-11
 -9.49554449e-11 -8.60867766e-16  6.83472811e-16  1.89933411e-05
 -1.36754130e-06 -6.75996017e-09  5.13992238e-10]0.09921478702324033
parent2 and its probability:  [ 0.00000000e+00 -1.08139847e-12 -7.98642326e-14  2.31540475e-11
 -1.21475201e-10 -8.60929172e-16  6.83664879e-16  1.89914746e-05
 -1.36713609e-06 -6.75754594e-09  5.13947585e-10]0.10004329437525293
parents after selection:
parent1 and its probability : [ 0.00000000e+00 -1.28264005e-12 -1.55769985e-13  1.53594885e-11
 -9.49394882e-11 -8.60952512e-16  6.83353755e-16  1.89933411e-05
 -1.36745386e-06 -6.75948999e-09  5.14073973e-10]0.0999118057110932
parent2 and its probability:  [ 0.00000000e+00 -1.08139847e-12 -7.98642326e-14  2.31540475e-11
 -1.21475201e-10 -8.60929172e-16  6.83664879e-16  1.89914746e-05
 -1.36713609e-06 -6.75754594e-09  5.13947585e-10]0.10004329437525293
parents after selection:
parent1 and its probability : [ 0.00000000e+00 -1.08142473e-12 -7.98520088e-14  2.31526337e-11
 -1.21451202e-10 -8.60992426e-16  6.83533856e-16  1.89924101e-05
 -1.36704082e-06 -6.75754594e-09  5.14076477e-10]0.10100496679201239
parent2 and its probability:  [ 0.00000000e+00 -1.28291334e-12 -1.55744005e-13  1.53594885e-11
 -9.49554449e-11 -8.60867766e-16  6.83472811e-16  1.89933411e-05
 -1.36754130e-06 -6.75996017e-09  5.13992238e-10]0.09921478702324033
parents after selection:
parent1 and its probability : [ 0.00000000e+00 -1.08139847e-12 -7.98509940e-14  2.31606060e-11
 -1.21455897e-10 -8.60992426e-16  6.83533856e-16  1.89928032e-05
 -1.36696896e-06 -6.75828877e-09  5.14013169e-10]0.1007481757240212
parent2 and its probability:  [ 0.00000000e+00 -1.08139847e-12 -7.98509940e-14  2.31606060e-11
 -1.21455897e-10 -8.60992426e-16  6.83533856e-16  1.89928032e-05
 -1.36696896e-06 -6.75828877e-09  5.14013169e-10]0.1007481757240212
parents after selection:
parent1 and its probability : [ 0.00000000e+00 -1.08139847e-12 -7.98563335e-14  2.31540475e-11
 -1.21472880e-10 -8.60992426e-16  6.83404456e-16  1.89952311e-05
 -1.36766068e-06 -6.75754594e-09  5.13978040e-10]0.0991534730806599
parent2 and its probability:  [ 0.00000000e+00 -1.08160183e-12 -7.98446736e-14  2.31526337e-11
 -1.21456738e-10 -8.60992426e-16  6.83533856e-16  1.89924711e-05
 -1.36704082e-06 -6.75754594e-09  5.14048001e-10]0.10084699951015756
parents after selection:
parent1 and its probability : [ 0.00000000e+00 -1.08139847e-12 -7.98642326e-14  2.31540475e-11
 -1.21475201e-10 -8.60929172e-16  6.83664879e-16  1.89914746e-05
 -1.36713609e-06 -6.75754594e-09  5.13947585e-10]0.10004329437525293
parent2 and its probability:  [ 0.00000000e+00 -1.08139847e-12 -7.98569649e-14  2.31560611e-11
 -1.21455897e-10 -8.60992426e-16  6.83533856e-16  1.89928632e-05
 -1.36754115e-06 -6.75754594e-09  5.14011861e-10]0.09953196887861052
parents after selection:
parent1 and its probability : [ 0.00000000e+00 -1.08139847e-12 -7.98509940e-14  2.31606060e-11
 -1.21455897e-10 -8.60992426e-16  6.83533856e-16  1.89928032e-05
 -1.36696896e-06 -6.75828877e-09  5.14013169e-10]0.1007481757240212
parent2 and its probability:  [ 0.00000000e+00 -1.08160183e-12 -7.98446736e-14  2.31526337e-11
 -1.21456738e-10 -8.60992426e-16  6.83533856e-16  1.89924711e-05
 -1.36704082e-06 -6.75754594e-09  5.14048001e-10]0.10084699951015756
population after corssover:
[ 0.00000000e+00 -1.08139847e-12 -7.98642326e-14  2.31540475e-11
 -1.21475201e-10 -8.60929172e-16  6.83664879e-16  1.89914746e-05
 -1.36713609e-06 -6.75754594e-09  5.13947585e-10]
[ 0.00000000e+00 -1.28291334e-12 -1.55744005e-13  1.53594885e-11
 -9.49554449e-11 -8.60867766e-16  6.83472811e-16  1.89933411e-05
 -1.36754130e-06 -6.75996017e-09  5.13992238e-10]
[ 0.00000000e+00 -1.08160183e-12 -7.98446736e-14  2.31526337e-11
 -1.21455897e-10 -8.60992426e-16  6.83533856e-16  1.89910481e-05
 -1.36744805e-06 -6.75754594e-09  5.14011861e-10]
[ 0.00000000e+00 -1.28291334e-12 -1.55744005e-13  2.31540475e-11
 -1.21475201e-10 -8.60929172e-16  6.83664879e-16  1.89914746e-05
 -1.36713609e-06 -6.75754594e-09  5.13947585e-10]
[ 0.00000000e+00 -1.28264005e-12 -1.55769985e-13  1.53594885e-11
 -9.49394882e-11 -8.60952512e-16  6.83353755e-16  1.89933411e-05
 -1.36745386e-06 -6.75948999e-09  5.13947585e-10]
[ 0.00000000e+00 -1.08142473e-12 -7.98520088e-14  2.31526337e-11
 -1.21451202e-10 -8.60992426e-16  6.83533856e-16  1.89933411e-05
 -1.36754130e-06 -6.75996017e-09  5.13992238e-10]
[ 0.00000000e+00 -1.08139847e-12 -7.98509940e-14  2.31606060e-11
 -1.21455897e-10 -8.60992426e-16  6.83533856e-16  1.89928032e-05
 -1.36696896e-06 -6.75828877e-09  5.14013169e-10]
[ 0.00000000e+00 -1.08139847e-12 -7.98563335e-14  2.31540475e-11
 -1.21472880e-10 -8.60992426e-16  6.83404456e-16  1.89924711e-05
 -1.36704082e-06 -6.75754594e-09  5.14048001e-10]
[ 0.00000000e+00 -1.08139847e-12 -7.98642326e-14  2.31540475e-11
 -1.21475201e-10 -8.60929172e-16  6.83664879e-16  1.89914746e-05
 -1.36713609e-06 -6.75754594e-09  5.14011861e-10]
[ 0.00000000e+00 -1.08139847e-12 -7.98509940e-14  2.31606060e-11
 -1.21455897e-10 -8.60992426e-16  6.83533856e-16  1.89928032e-05
 -1.36704082e-06 -6.75754594e-09  5.14048001e-10]

population after mutation:
[ 0.00000000e+00 -1.08139847e-12 -7.98642326e-14  2.31540475e-11
 -1.21475201e-10 -8.60929172e-16  6.83740399e-16  1.89914746e-05
 -1.36713609e-06 -6.75754594e-09  5.13947585e-10]
[ 0.00000000e+00 -1.28270517e-12 -1.55730271e-13  1.53594885e-11
 -9.49554449e-11 -8.60867766e-16  6.83472811e-16  1.89933411e-05
 -1.36754130e-06 -6.75996017e-09  5.13992238e-10]
[ 0.00000000e+00 -1.08160183e-12 -7.98446736e-14  2.31526337e-11
 -1.21455897e-10 -8.60992426e-16  6.83533856e-16  1.89910481e-05
 -1.36722070e-06 -6.75754594e-09  5.14032532e-10]
[ 0.00000000e+00 -1.28298987e-12 -1.55744005e-13  2.31540475e-11
 -1.21475201e-10 -8.60929172e-16  6.83664879e-16  1.89914746e-05
 -1.36713609e-06 -6.75754594e-09  5.13947585e-10]
[ 0.00000000e+00 -1.28264005e-12 -1.55769985e-13  1.53594885e-11
 -9.49334600e-11 -8.60952512e-16  6.83353755e-16  1.89933411e-05
 -1.36745386e-06 -6.76011628e-09  5.13947585e-10]
[ 0.00000000e+00 -1.08142473e-12 -7.98520088e-14  2.31526337e-11
 -1.21451202e-10 -8.61129259e-16  6.83533856e-16  1.89933411e-05
 -1.36766321e-06 -6.76024098e-09  5.13992238e-10]
[ 0.00000000e+00 -1.08124961e-12 -7.98509940e-14  2.31606060e-11
 -1.21470698e-10 -8.60992426e-16  6.83533856e-16  1.89928032e-05
 -1.36706038e-06 -6.75828877e-09  5.14013169e-10]
[ 0.00000000e+00 -1.08131900e-12 -7.98563335e-14  2.31540475e-11
 -1.21484845e-10 -8.60992426e-16  6.83404456e-16  1.89924711e-05
 -1.36704082e-06 -6.75701111e-09  5.14032240e-10]
[ 0.00000000e+00 -1.08139847e-12 -7.98642326e-14  2.31540475e-11
 -1.21475201e-10 -8.60929172e-16  6.83664879e-16  1.89886630e-05
 -1.36713609e-06 -6.75825270e-09  5.14011861e-10]
[ 0.00000000e+00 -1.08139847e-12 -7.98509940e-14  2.31606060e-11
 -1.21455897e-10 -8.60992426e-16  6.83533856e-16  1.89896244e-05
 -1.36704082e-06 -6.75754594e-09  5.14048001e-10]


 
 
 
Submitted vector: 3rd parent
[ 0.00000000e+00 -1.08142473e-12 -7.98520088e-14  2.31526337e-11
 -1.21451202e-10 -8.60992426e-16  6.83533856e-16  1.89924101e-05
 -1.36704082e-06 -6.75754594e-09  5.14076477e-10]




 
 
 

